242700,5838,1,0
242700,1606,2,0
242700,602,3,0
242700,6085,4,0
242700,103,5,0
242700,6065,6,0
242700,104,7,0
242700,105,8,0
242700,106,9,0
242700,107,10,0
242700,108,11,0
242700,109,12,0
242700,110,13,0
242700,111,14,0
242700,112,15,0
242700,1505,16,0
242700,114,17,0
242700,115,18,0
242700,116,19,0
242700,117,20,0
242700,118,21,0
242700,5982,22,0
242700,119,23,0
242700,356,24,0
242800,5858,1,0
242800,1001,2,0
242800,1002,3,0
242800,1003,4,0
242800,1004,5,0
242800,1005,6,0
242800,1006,7,0
242800,1007,8,0
242800,1008,9,0
242800,1009,10,0
242800,1010,11,0
242800,1011,12,0
242800,6045,13,0
242800,1012,14,0
242800,1013,15,0
242800,1014,16,0
242800,1015,17,0
242800,6029,18,0
242800,1017,19,0
242800,6169,20,0
242800,1018,21,0
242800,1019,22,0
242800,1020,23,0
242800,1021,24,0
242800,1022,25,0
242800,1023,26,0
242800,1122,27,0
242800,1025,28,0
242800,1026,29,0
242800,1130,30,0
242800,5860,31,1
242900,5851,1,0
242900,6068,2,0
242900,1101,3,0
242900,6003,4,0
242900,1102,5,0
242900,5810,6,0
242900,305,7,0
242900,1105,8,0
242900,1106,9,0
242900,1108,10,0
242900,1109,11,0
242900,1110,12,0
242900,6191,13,0
242900,6192,14,0
242900,6004,15,0
242900,2035,16,0
242900,2036,17,0
242900,1117,18,0
242900,1118,19,0
242900,2037,20,0
242900,2040,21,0
242900,1121,22,0
242900,1122,23,0
242900,1025,24,0
242900,1026,25,0
242900,1130,26,0
242900,5859,27,1
243000,5860,1,0
243000,6063,2,0
243000,1302,3,0
243000,1203,4,0
243000,1204,5,0
243000,1205,6,0
243000,1206,7,0
243000,1207,8,0
243000,1208,9,0
243000,1209,10,0
243000,1210,11,0
243000,1211,12,0
243000,375,13,0
243000,1213,14,0
243000,1214,15,0
243000,1215,16,0
243000,1216,17,0
243000,1217,18,0
243000,1218,19,0
243000,1219,20,0
243000,1220,21,0
243000,1221,22,0
243000,1222,23,0
243000,1223,24,0
243000,1224,25,0
243000,1225,26,0
243000,1328,27,0
243000,1130,28,0
243000,5858,29,1
243100,5837,1,0
243100,5830,2,0
243100,1302,3,0
243100,1303,4,0
243100,6056,5,0
243100,1311,6,0
243100,1312,7,0
243100,1313,8,0
243100,1314,9,0
243100,1315,10,0
243100,327,11,0
243100,328,12,0
243100,5814,13,0
243100,6064,14,0
243100,370,15,0
243100,371,16,0
243100,372,17,0
243100,1323,18,0
243100,1324,19,0
243100,1325,20,0
243100,1326,21,0
243100,1327,22,0
243100,5820,23,0
243100,1328,24,0
243100,1130,25,0
243200,5859,1,0
243200,1402,2,0
243200,1403,3,0
243200,1404,4,0
243200,1405,5,0
243200,1406,6,0
243200,1407,7,0
243200,6161,8,0
243200,1408,9,0
243200,1409,10,0
243200,1410,11,0
243200,6052,12,0
243200,1411,13,0
243200,332,14,0
243200,333,15,0
243200,5924,16,0
243200,1414,17,0
243200,1415,18,0
243200,1416,19,0
243200,6162,20,0
243200,1417,21,0
243200,1418,22,0
243200,1419,23,0
243200,1420,24,0
243200,1421,25,0
243200,1422,26,0
243200,1423,27,0
243200,1424,28,0
243200,5851,29,1
243300,5834,1,0
243300,1501,2,0
243300,1503,3,0
243300,207,4,0
243300,1505,5,0
243300,114,6,0
243300,1507,7,0
243300,1508,8,0
243300,1509,9,0
243300,1510,10,0
243300,1511,11,0
243300,1512,12,0
243300,117,13,0
243300,118,14,0
243300,5982,15,0
243300,119,16,0
243300,120,17,0
243300,121,18,0
243300,122,19,0
243300,5847,20,1
243400,6058,1,0
243400,5963,2,0
243400,1619,3,0
243400,1620,4,0
243400,1621,5,0
243400,1622,6,0
243400,1623,7,0
243400,6102,8,0
243400,1624,9,0
243400,1625,10,0
243400,1626,11,0
243400,1627,12,0
243400,1628,13,0
243400,1629,14,0
243400,1630,15,0
243400,1631,16,0
243400,6006,17,0
243400,6007,18,0
243400,6008,19,0
243400,6185,20,0
243400,5965,21,0
243400,6095,22,0
243400,6098,23,0
243400,6100,24,0
243400,6101,25,1
243500,5836,1,0
243500,1501,2,0
243500,1503,3,0
243500,207,4,0
243500,1505,5,0
243500,114,6,0
243500,6047,7,0
243500,1516,8,0
243500,815,9,0
243500,816,10,0
243500,156,11,0
243500,907,12,0
243500,5939,13,0
243500,210,14,0
243500,211,15,0
243500,212,16,0
243500,213,17,0
243500,214,18,0
243500,215,19,0
243500,216,20,0
243500,217,21,0
243500,6096,22,0
243500,218,23,0
243500,219,24,0
243500,220,25,0
243500,221,26,0
243500,5829,27,0
243500,5942,28,0
243500,223,29,0
243500,224,30,0
243500,225,31,0
243500,226,32,0
243500,227,33,0
243500,228,34,0
243500,229,35,0
243500,5923,36,0
243500,230,37,0
243500,231,38,0
243500,232,39,0
243500,5917,40,0
243500,233,41,0
243500,315,42,0
243500,316,43,0
243500,317,44,0
243500,318,45,0
243500,319,46,0
243500,320,47,0
243500,321,48,0
243500,322,49,0
243500,323,50,0
243500,324,51,0
243500,325,52,0
243500,326,53,0
243500,327,54,0
243500,328,55,0
243500,5814,56,0
243500,330,57,0
243500,5861,58,0
243500,5957,59,0
243500,1411,60,0
243500,332,61,0
243500,333,62,0
243500,420,63,0
243500,335,64,0
243500,422,65,0
243500,337,66,0
243500,338,67,0
243500,339,68,0
243500,340,69,0
243600,5840,1,0
243600,358,2,0
243600,359,3,0
243600,360,4,0
243600,361,5,0
243600,410,6,0
243600,363,7,0
243600,412,8,0
243600,365,9,0
243600,366,10,0
243600,367,11,0
243600,5862,12,0
243600,368,13,0
243600,369,14,0
243600,370,15,0
243600,371,16,0
243600,372,17,0
243600,1323,18,0
243600,374,19,0
243600,375,20,0
243600,1213,21,0
243600,377,22,0
243600,378,23,0
243600,379,24,0
243600,380,25,0
243600,381,26,0
243600,382,27,0
243600,383,28,0
243600,384,29,0
243600,5917,30,0
243600,262,31,0
243600,263,32,0
243600,264,33,0
243600,265,34,0
243600,266,35,0
243600,267,36,0
243600,268,37,0
243600,269,38,0
243600,270,39,0
243600,271,40,0
243600,272,41,0
243600,273,42,0
243600,274,43,0
243600,275,44,0
243600,276,45,0
243600,277,46,0
243600,6044,47,0
243600,278,48,0
243600,279,49,0
243600,280,50,0
243600,281,51,0
243600,282,52,0
243600,283,53,0
243600,284,54,0
243600,917,55,0
243600,1512,56,0
243600,117,57,0
243600,6075,58,0
243600,6076,59,0
243600,6047,60,0
243600,5709,61,0
243600,160,62,0
243600,621,63,0
243600,1519,64,0
243600,1520,65,0
243700,6058,1,0
243700,5963,2,0
243700,1619,3,0
243700,6114,4,0
243700,6115,5,0
243700,6116,6,0
243700,6117,7,0
243700,6118,8,0
243700,6119,9,0
243700,6120,10,0
243700,6121,11,0
243700,6122,12,0
243700,6124,13,0
243700,6126,14,0
243700,6197,15,0
243700,714,16,0
243700,715,17,0
243700,5911,18,0
243700,6198,19,0
243700,6199,20,0
243700,6200,21,0
243700,6201,22,0
243700,6048,23,0
243700,6202,24,0
243700,1507,25,0
243700,6203,26,0
243700,6204,27,0
243700,6205,28,0
243700,6206,29,0
243700,6194,30,0
243700,6207,31,0
243700,6208,32,0
243700,6193,33,0
243700,6210,34,0
243700,6131,35,0
243700,6183,36,0
243700,6155,37,0
243700,6211,38,0
243700,6212,39,0
243700,6213,40,0
243700,6134,41,0
243700,6135,42,0
243700,6136,43,0
243700,5964,44,0
243700,6188,45,0
243700,6189,46,1
243800,5847,1,0
243800,292,2,0
243800,154,3,0
243800,5986,4,0
243800,155,5,0
243800,156,6,0
243800,157,7,0
243800,158,8,0
243800,5709,9,0
243800,160,10,0
243800,621,11,0
243800,6043,12,0
243800,162,13,0
243800,163,14,0
243800,164,15,0
243800,165,16,0
243800,166,17,0
243800,167,18,0
243800,168,19,0
243800,169,20,0
243800,170,21,0
243800,171,22,0
243800,5807,23,0
243800,173,24,0
243800,174,25,0
243800,1647,26,0
243800,5834,27,1
243900,5833,1,0
243900,6063,2,0
243900,302,3,0
243900,2001,4,0
243900,6030,5,0
243900,2002,6,0
243900,1108,7,0
243900,2004,8,0
243900,2005,9,0
243900,2006,10,0
243900,2007,11,0
243900,1013,12,0
243900,1014,13,0
243900,277,14,0
243900,2011,15,0
243900,2012,16,0
243900,5863,17,0
243900,2014,18,0
243900,2015,19,0
243900,2016,20,0
243900,2017,21,0
243900,2018,22,0
243900,2019,23,0
243900,2020,24,0
243900,2021,25,0
243900,2022,26,0
243900,2023,27,0
243900,2024,28,0
243900,2025,29,0
243900,2026,30,0
243900,226,31,0
243900,2028,32,1
243900,2029,33,0
243900,2030,34,0
243900,2031,35,0
243900,2032,36,0
243900,2033,37,0
243900,2034,38,0
243900,1113,39,0
243900,1131,40,0
243900,1114,41,0
243900,1115,42,0
243900,1116,43,0
243900,1117,44,0
243900,1118,45,0
243900,2037,46,0
243900,2040,47,0
243900,1121,48,0
243900,1122,49,0
243900,1025,50,0
243900,1026,51,0
243900,1130,52,0
243900,5839,53,1
244000,5841,1,0
244000,6063,2,0
244000,302,3,0
244000,1102,4,0
244000,5810,5,0
244000,305,6,0
244000,306,7,0
244000,307,8,0
244000,308,9,0
244000,390,10,0
244000,310,11,0
244000,5958,12,0
244000,6011,13,0
244000,5959,14,0
244000,231,15,0
244000,232,16,0
244000,386,17,0
244000,387,18,0
244000,388,19,0
244000,389,20,0
244000,391,21,0
244000,392,22,0
244000,393,23,0
244000,394,24,0
244000,395,25,0
244000,396,26,0
244000,5960,27,0
244000,397,28,0
244000,1130,29,0
244100,5849,1,0
244100,401,2,0
244100,402,3,0
244100,403,4,0
244100,404,5,0
244100,405,6,0
244100,406,7,0
244100,407,8,0
244100,360,9,0
244100,361,10,0
244100,410,11,0
244100,363,12,0
244100,412,13,0
244100,413,14,0
244100,414,15,0
244100,415,16,0
244100,416,17,0
244100,417,18,0
244100,418,19,0
244100,419,20,0
244100,420,21,0
244100,335,22,0
244100,422,23,0
244100,337,24,0
244100,424,25,0
244100,425,26,0
244100,426,27,0
244100,427,28,0
244100,428,29,0
244100,429,30,0
244100,297,31,0
244200,5845,1,0
244200,358,2,0
244200,359,3,0
244200,6013,4,0
244200,5602,5,0
244200,6103,6,0
244200,5915,7,0
244200,6077,8,0
244200,516,9,0
244200,517,10,0
244200,518,11,0
244200,519,12,0
244200,547,13,0
244200,520,14,0
244200,521,15,0
244200,522,16,0
244200,523,17,0
244200,524,18,0
244200,525,19,0
244200,526,20,0
244200,1636,21,0
244200,528,22,0
244200,529,23,0
244200,5608,24,0
244200,168,25,0
244300,5844,1,0
244300,1501,2,0
244300,1503,3,0
244300,6043,4,0
244300,5706,5,0
244300,5817,6,0
244300,617,7,0
244300,618,8,0
244300,5882,9,0
244300,115,10,0
244300,116,11,0
244300,117,12,0
244300,6075,13,0
244300,1517,14,0
244300,1518,15,0
244300,1519,16,0
244300,1520,17,0
244400,5846,1,0
244400,602,2,0
244400,6085,3,0
244400,103,4,0
244400,703,5,0
244400,704,6,0
244400,164,7,0
244400,165,8,0
244400,166,9,0
244400,167,10,0
244400,168,11,0
244400,169,12,0
244400,170,13,0
244400,171,14,0
244400,5807,15,0
244400,173,16,0
244400,174,17,0
244400,1647,18,0
244500,602,1,0
244500,6085,2,0
244500,103,3,0
244500,6065,4,0
244500,104,5,0
244500,105,6,0
244500,106,7,0
244500,1612,8,0
244500,1613,9,0
244500,6062,10,0
244500,5955,11,0
244500,5973,12,0
244500,6098,13,0
244500,5976,14,0
244500,5971,15,0
244500,5972,16,0
244500,6014,17,0
244500,5605,18,0
244500,5606,19,0
244500,5607,20,0
244500,6077,21,0
244500,5608,22,0
244500,168,23,0
244500,169,24,0
244500,170,25,0
244500,171,26,0
244500,5807,27,0
244500,173,28,0
244500,174,29,0
244500,5842,30,1
244600,5846,1,0
244600,1501,2,0
244600,1503,3,0
244600,6043,4,0
244600,162,5,0
244600,163,6,0
244600,5806,7,0
244600,720,8,0
244600,721,9,0
244600,5807,10,0
244600,173,11,0
244600,174,12,0
244600,1647,13,0
244700,6216,1,0
244700,5910,2,0
244700,1636,3,0
244700,528,4,0
244700,529,5,0
244700,5608,6,0
244700,168,7,0
244700,169,8,0
244700,170,9,0
244700,171,10,0
244701,6216,1,0
244701,6065,2,0
244701,104,3,0
244701,105,4,0
244701,106,5,0
244701,1612,6,0
244701,1613,7,0
244701,1614,8,0
244701,5910,9,0
244800,5831,1,0
244800,1606,2,0
244800,602,3,0
244800,603,4,0
244800,604,5,0
244800,605,6,0
244800,112,7,0
244800,1505,8,0
244800,608,9,0
244800,609,10,0
244800,610,11,0
244800,611,12,0
244800,612,13,0
244800,613,14,0
244800,614,15,0
244800,615,16,0
244800,616,17,0
244800,617,18,0
244800,618,19,0
244800,5709,20,0
244800,160,21,0
244800,621,22,0
244800,6043,23,0
244800,622,24,0
244800,623,25,0
244800,624,26,0
244800,625,27,0
244800,174,28,0
244800,5843,29,1
244900,5843,1,0
244900,1606,2,0
244900,602,3,0
244900,6085,4,0
244900,103,5,0
244900,703,6,0
244900,704,7,0
244900,705,8,0
244900,706,9,0
244900,707,10,0
244900,708,11,0
244900,709,12,0
244900,710,13,0
244900,711,14,0
244900,712,15,0
244900,713,16,0
244900,714,17,0
244900,715,18,0
244900,716,19,0
244900,717,20,0
244900,718,21,0
244900,5806,22,0
244900,720,23,0
244900,721,24,0
244900,5807,25,0
244900,173,26,0
244900,174,27,0
244900,5831,28,1
245000,5850,1,0
245000,801,2,0
245000,802,3,0
245000,5936,4,0
245000,5937,5,0
245000,6027,6,0
245000,5926,7,0
245000,5934,8,0
245000,808,9,0
245000,155,10,0
245000,156,11,0
245000,157,12,0
245000,158,13,0
245000,813,14,0
245000,1516,15,0
245000,815,16,0
245000,816,17,0
245000,118,18,0
245000,818,19,0
245000,819,20,0
245000,820,21,0
245000,821,22,0
245000,6060,23,0
245000,6066,24,0
245000,6079,25,0
245000,1652,26,0
245000,6214,27,0
245100,5839,1,0
245100,801,2,0
245100,901,3,0
245100,902,4,0
245100,903,5,0
245100,904,6,0
245100,905,7,0
245100,906,8,0
245100,907,9,0
245100,5939,10,0
245100,210,11,0
245100,211,12,0
245100,212,13,0
245100,213,14,0
245100,5940,15,0
245100,5941,16,0
245100,916,17,0
245100,917,18,0
245100,918,19,0
245100,919,20,0
245100,920,21,0
245100,824,22,0
245100,922,23,0
245100,6067,24,0
245100,5833,25,1
245200,1633,1,0
245200,1634,2,0
245200,1635,3,0
245200,1636,4,0
245200,528,5,0
245200,529,6,0
245200,5608,7,0
245200,168,8,0
245200,169,9,0
245200,170,10,0
245200,171,11,0
245200,5807,12,0
245200,173,13,0
245200,174,14,0
245200,1647,15,0
245200,5832,16,1
245200,5848,17,0
245200,292,18,0
245200,1649,19,0
245200,294,20,0
245200,295,21,0
245200,6046,22,0
245200,543,23,0
245200,544,24,0
245200,6067,25,0
245200,5857,26,0
245200,6068,27,0
245200,1101,28,0
245200,6003,29,0
245200,6082,30,0
245200,254,31,0
245200,255,32,0
245200,256,33,0
245200,257,34,0
245200,258,35,0
245200,259,36,0
245200,260,37,0
245200,6055,38,1
245200,5852,39,1
245201,6055,1,0
245201,233,2,0
245201,234,3,0
245201,235,4,0
245201,236,5,0
245201,6097,6,0
245201,237,7,0
245201,238,8,0
245201,5985,9,0
245201,6094,10,0
245201,6067,11,0
245201,5852,12,0
245201,6068,13,0
245201,501,14,0
245201,352,15,0
245201,1602,16,0
245201,203,17,0
245201,204,18,0
245201,356,19,0
245201,5832,20,0
245201,1606,21,0
245201,602,22,0
245201,6085,23,0
245201,103,24,0
245201,6065,25,0
245201,104,26,0
245201,105,27,0
245201,106,28,0
245201,1612,29,0
245201,1613,30,0
245201,1614,31,0
245201,1615,32,0
245201,6095,33,0
245201,6058,34,1
245300,1633,1,0
245300,1634,2,0
245300,1635,3,0
245300,5965,4,0
245300,528,5,0
245300,529,6,0
245300,5608,7,0
245300,168,8,0
245300,169,9,0
245300,170,10,0
245300,171,11,0
245300,5807,12,0
245300,173,13,0
245300,174,14,0
245300,1647,15,0
245300,5848,16,0
245300,292,17,0
245300,1649,18,0
245300,294,19,0
245300,295,20,0
245300,6046,21,0
245300,543,22,0
245300,544,23,0
245300,6067,24,0
245300,6171,25,1
245301,6171,1,0
245301,6068,2,0
245301,501,3,0
245301,352,4,0
245301,1602,5,0
245301,203,6,0
245301,204,7,0
245301,356,8,0
245301,1606,9,0
245301,5840,10,0
245301,602,11,0
245301,6085,12,0
245301,103,13,0
245301,6065,14,0
245301,104,15,0
245301,105,16,0
245301,106,17,0
245301,1612,18,0
245301,1613,19,0
245301,1614,20,0
245301,1615,21,0
245301,6095,22,0
245301,1633,23,1
245500,5909,1,0
245500,801,2,0
245500,802,3,0
245500,1602,4,0
245500,203,5,0
245500,204,6,0
245500,356,7,0
245500,5832,8,0
245500,602,9,0
245500,603,10,0
245500,604,11,0
245500,605,12,0
245500,162,13,0
245500,163,14,0
245500,164,15,0
245500,165,16,0
245500,166,17,0
245500,167,18,0
245500,168,19,0
245500,169,20,0
245500,170,21,0
245500,171,22,0
245500,5807,23,0
245500,173,24,0
245500,174,25,0
245500,5847,26,0
245500,292,27,0
245500,1649,28,0
245500,294,29,0
245500,295,30,0
245500,6046,31,0
245500,1652,32,0
245900,5848,1,0
245900,1606,2,0
245900,602,3,0
245900,6085,4,0
245900,103,5,0
245900,6065,6,0
245900,104,7,0
245900,105,8,0
245900,106,9,0
245900,516,10,0
245900,517,11,0
245900,518,12,0
245900,519,13,0
245900,547,14,0
245900,520,15,0
245900,521,16,0
245900,522,17,0
245900,523,18,0
245900,524,19,0
245900,525,20,0
245900,526,21,0
245900,1636,22,0
245900,528,23,0
245900,529,24,0
245900,5608,25,0
245900,107,26,0
245900,108,27,0
245900,109,28,0
245900,110,29,0
245900,111,30,0
245900,112,31,0
245900,1505,32,0
245900,1516,33,0
245900,815,34,0
245900,816,35,0
245900,118,36,0
245900,818,37,0
245900,819,38,0
245900,820,39,0
245900,821,40,0
245900,6060,41,0
245900,6066,42,0
245900,6079,43,0
245900,5851,44,0
245900,6068,45,0
245900,501,46,0
245900,352,47,0
245900,1602,48,0
245900,203,49,0
245900,204,50,0
246200,5853,1,0
246200,801,2,0
246200,802,3,0
246200,1602,4,0
246200,203,5,0
246200,204,6,0
246200,356,7,0
246200,5845,8,0
246200,602,9,0
246200,6085,10,0
246200,103,11,0
246200,6065,12,0
246200,104,13,0
246200,105,14,0
246200,106,15,0
246200,1612,16,0
246200,547,17,0
246200,1636,18,0
246200,528,19,0
246200,529,20,0
246200,5608,21,0
246200,168,22,0
246200,169,23,0
246200,170,24,0
246200,171,25,0
246200,5807,26,0
246200,173,27,0
246200,174,28,0
246200,1647,29,0
246200,5834,30,0
246200,292,31,0
246200,1649,32,0
246200,294,33,0
246200,6046,34,0
246200,1652,35,0
246300,5889,1,0
246300,801,2,0
246300,802,3,0
246300,1602,4,0
246300,203,5,0
246300,204,6,0
246300,356,7,0
246300,1606,8,0
246300,5831,9,0
246300,1501,10,0
246300,1503,11,0
246300,207,12,0
246300,1505,13,0
246300,114,14,0
246300,1507,15,0
246300,1508,16,0
246300,1509,17,0
246300,1510,18,0
246300,1511,19,0
246300,1512,20,0
246300,157,21,0
246300,158,22,0
246300,1516,23,0
246300,815,24,0
246300,816,25,0
246300,118,26,0
246300,818,27,0
246300,819,28,0
246300,820,29,0
246300,821,30,0
246300,6060,31,0
246300,6066,32,0
246300,6079,33,0
246300,1652,34,0
