235100,5845,1,0
235100,1606,2,0
235100,602,3,0
235100,6085,4,0
235100,103,5,0
235100,6065,6,0
235100,104,7,0
235100,105,8,0
235100,106,9,0
235100,107,10,0
235100,108,11,0
235100,109,12,0
235100,110,13,0
235100,111,14,0
235100,112,15,0
235100,1505,16,0
235100,114,17,0
235100,115,18,0
235100,116,19,0
235100,117,20,0
235100,118,21,0
235100,5982,22,0
235100,119,23,0
235100,356,24,0
235200,5858,1,0
235200,1001,2,0
235200,1002,3,0
235200,1003,4,0
235200,1004,5,0
235200,1005,6,0
235200,1006,7,0
235200,1007,8,0
235200,1008,9,0
235200,1009,10,0
235200,1010,11,0
235200,1011,12,0
235200,6045,13,0
235200,1012,14,0
235200,1013,15,0
235200,1014,16,0
235200,1015,17,0
235200,6029,18,0
235200,1017,19,0
235200,6169,20,0
235200,1018,21,0
235200,1019,22,0
235200,1020,23,0
235200,1021,24,0
235200,1022,25,0
235200,1023,26,0
235200,1122,27,0
235200,1025,28,0
235200,1026,29,0
235200,1130,30,0
235200,5860,31,1
235300,5851,1,0
235300,6068,2,0
235300,1101,3,0
235300,6003,4,0
235300,1102,5,0
235300,5810,6,0
235300,305,7,0
235300,1105,8,0
235300,1106,9,0
235300,1108,10,0
235300,1109,11,0
235300,1110,12,0
235300,6191,13,0
235300,6192,14,0
235300,6004,15,0
235300,2035,16,0
235300,2036,17,0
235300,1117,18,0
235300,1118,19,0
235300,2037,20,0
235300,2040,21,0
235300,1121,22,0
235300,1122,23,0
235300,1025,24,0
235300,1026,25,0
235300,1130,26,0
235300,5859,27,1
235400,5860,1,0
235400,6063,2,0
235400,1302,3,0
235400,1203,4,0
235400,1204,5,0
235400,1205,6,0
235400,1206,7,0
235400,1207,8,0
235400,1208,9,0
235400,1209,10,0
235400,1210,11,0
235400,1211,12,0
235400,375,13,0
235400,1213,14,0
235400,1214,15,0
235400,1215,16,0
235400,1216,17,0
235400,1217,18,0
235400,1218,19,0
235400,1219,20,0
235400,1220,21,0
235400,1221,22,0
235400,1222,23,0
235400,1223,24,0
235400,1224,25,0
235400,1225,26,0
235400,1328,27,0
235400,1130,28,0
235400,5858,29,1
235500,5837,1,0
235500,5830,2,0
235500,1302,3,0
235500,1303,4,0
235500,6056,5,0
235500,1311,6,0
235500,1312,7,0
235500,1313,8,0
235500,1314,9,0
235500,1315,10,0
235500,327,11,0
235500,328,12,0
235500,5814,13,0
235500,6064,14,0
235500,370,15,0
235500,371,16,0
235500,372,17,0
235500,1323,18,0
235500,1324,19,0
235500,1325,20,0
235500,1326,21,0
235500,1327,22,0
235500,5820,23,0
235500,1328,24,0
235500,1130,25,0
235600,5859,1,0
235600,1402,2,0
235600,1403,3,0
235600,1404,4,0
235600,1405,5,0
235600,1406,6,0
235600,1407,7,0
235600,6161,8,0
235600,1408,9,0
235600,1409,10,0
235600,1410,11,0
235600,6052,12,0
235600,1411,13,0
235600,332,14,0
235600,333,15,0
235600,5924,16,0
235600,1414,17,0
235600,1415,18,0
235600,1416,19,0
235600,6162,20,0
235600,1417,21,0
235600,1418,22,0
235600,1419,23,0
235600,1420,24,0
235600,1421,25,0
235600,1422,26,0
235600,1423,27,0
235600,1424,28,0
235600,5851,29,1
235700,5834,1,0
235700,1501,2,0
235700,1503,3,0
235700,207,4,0
235700,1505,5,0
235700,114,6,0
235700,1507,7,0
235700,1508,8,0
235700,1509,9,0
235700,1510,10,0
235700,1511,11,0
235700,1512,12,0
235700,117,13,0
235700,118,14,0
235700,5982,15,0
235700,119,16,0
235700,120,17,0
235700,121,18,0
235700,122,19,0
235700,5847,20,1
235800,6058,1,0
235800,5963,2,0
235800,1619,3,0
235800,1620,4,0
235800,1621,5,0
235800,1622,6,0
235800,1623,7,0
235800,6102,8,0
235800,1624,9,0
235800,1625,10,0
235800,1626,11,0
235800,1627,12,0
235800,1628,13,0
235800,1629,14,0
235800,1630,15,0
235800,1631,16,0
235800,6006,17,0
235800,6007,18,0
235800,6008,19,0
235800,6185,20,0
235800,5965,21,0
235800,6095,22,0
235800,6098,23,0
235800,6100,24,0
235800,6101,25,1
235900,5836,1,0
235900,1501,2,0
235900,1503,3,0
235900,207,4,0
235900,1505,5,0
235900,114,6,0
235900,6047,7,0
235900,1516,8,0
235900,815,9,0
235900,816,10,0
235900,156,11,0
235900,907,12,0
235900,5939,13,0
235900,210,14,0
235900,211,15,0
235900,212,16,0
235900,213,17,0
235900,214,18,0
235900,215,19,0
235900,216,20,0
235900,217,21,0
235900,6096,22,0
235900,218,23,0
235900,219,24,0
235900,220,25,0
235900,221,26,0
235900,5829,27,0
235900,5942,28,0
235900,223,29,0
235900,224,30,0
235900,225,31,0
235900,226,32,0
235900,227,33,0
235900,228,34,0
235900,229,35,0
235900,5923,36,0
235900,230,37,0
235900,231,38,0
235900,232,39,0
235900,5917,40,0
235900,233,41,0
235900,315,42,0
235900,316,43,0
235900,317,44,0
235900,318,45,0
235900,319,46,0
235900,320,47,0
235900,321,48,0
235900,322,49,0
235900,323,50,0
235900,324,51,0
235900,325,52,0
235900,326,53,0
235900,327,54,0
235900,328,55,0
235900,5814,56,0
235900,330,57,0
235900,5861,58,0
235900,5957,59,0
235900,1411,60,0
235900,332,61,0
235900,333,62,0
235900,420,63,0
235900,335,64,0
235900,422,65,0
235900,337,66,0
235900,338,67,0
235900,339,68,0
235900,340,69,0
236000,5840,1,0
236000,358,2,0
236000,359,3,0
236000,360,4,0
236000,361,5,0
236000,410,6,0
236000,363,7,0
236000,412,8,0
236000,365,9,0
236000,366,10,0
236000,367,11,0
236000,5862,12,0
236000,368,13,0
236000,369,14,0
236000,370,15,0
236000,371,16,0
236000,372,17,0
236000,1323,18,0
236000,374,19,0
236000,375,20,0
236000,1213,21,0
236000,377,22,0
236000,378,23,0
236000,379,24,0
236000,380,25,0
236000,381,26,0
236000,382,27,0
236000,383,28,0
236000,384,29,0
236000,5917,30,0
236000,262,31,0
236000,263,32,0
236000,264,33,0
236000,265,34,0
236000,266,35,0
236000,267,36,0
236000,268,37,0
236000,269,38,0
236000,270,39,0
236000,271,40,0
236000,272,41,0
236000,273,42,0
236000,274,43,0
236000,275,44,0
236000,276,45,0
236000,277,46,0
236000,6044,47,0
236000,278,48,0
236000,279,49,0
236000,280,50,0
236000,281,51,0
236000,282,52,0
236000,283,53,0
236000,284,54,0
236000,917,55,0
236000,1512,56,0
236000,117,57,0
236000,6075,58,0
236000,6076,59,0
236000,6047,60,0
236000,5709,61,0
236000,160,62,0
236000,621,63,0
236000,1519,64,0
236000,1520,65,0
236100,6058,1,0
236100,5963,2,0
236100,1619,3,0
236100,6114,4,0
236100,6115,5,0
236100,6116,6,0
236100,6117,7,0
236100,6118,8,0
236100,6119,9,0
236100,6120,10,0
236100,6121,11,0
236100,6122,12,0
236100,6123,13,0
236100,6124,14,0
236100,6126,15,0
236100,6197,16,0
236100,714,17,0
236100,715,18,0
236100,5911,19,0
236100,6198,20,0
236100,6199,21,0
236100,6200,22,0
236100,6201,23,0
236100,6048,24,0
236100,6202,25,0
236100,1507,26,0
236100,6203,27,0
236100,6204,28,0
236100,6205,29,0
236100,6206,30,0
236100,6194,31,0
236100,6207,32,0
236100,6208,33,0
236100,6193,34,0
236100,6210,35,0
236100,6131,36,0
236100,6183,37,0
236100,6155,38,0
236100,6211,39,0
236100,6212,40,0
236100,6213,41,0
236100,6134,42,0
236100,6135,43,0
236100,6136,44,0
236100,5964,45,0
236100,6188,46,1
236200,5847,1,0
236200,292,2,0
236200,154,3,0
236200,5986,4,0
236200,155,5,0
236200,156,6,0
236200,157,7,0
236200,158,8,0
236200,5709,9,0
236200,160,10,0
236200,621,11,0
236200,6043,12,0
236200,162,13,0
236200,163,14,0
236200,164,15,0
236200,165,16,0
236200,166,17,0
236200,167,18,0
236200,168,19,0
236200,169,20,0
236200,170,21,0
236200,171,22,0
236200,5807,23,0
236200,173,24,0
236200,174,25,0
236200,1647,26,0
236200,5834,27,1
236300,5833,1,0
236300,6063,2,0
236300,302,3,0
236300,2001,4,0
236300,6030,5,0
236300,2002,6,0
236300,1108,7,0
236300,2004,8,0
236300,2005,9,0
236300,2006,10,0
236300,2007,11,0
236300,1013,12,0
236300,1014,13,0
236300,277,14,0
236300,2011,15,0
236300,2012,16,0
236300,5863,17,0
236300,2014,18,0
236300,2015,19,0
236300,2016,20,0
236300,2017,21,0
236300,2018,22,0
236300,2019,23,0
236300,2020,24,0
236300,2021,25,0
236300,2022,26,0
236300,2023,27,0
236300,2024,28,0
236300,2025,29,0
236300,2026,30,0
236300,226,31,0
236300,2028,32,0
236300,2029,33,0
236300,2030,34,0
236300,2031,35,0
236300,2032,36,0
236300,2033,37,0
236300,2034,38,0
236300,1113,39,0
236300,1131,40,0
236300,1114,41,0
236300,1115,42,0
236300,1116,43,0
236300,1117,44,0
236300,1118,45,0
236300,2037,46,0
236300,2040,47,0
236300,1121,48,0
236300,1122,49,0
236300,1025,50,0
236300,1026,51,0
236300,1130,52,0
236300,5839,53,1
236400,5841,1,0
236400,6063,2,0
236400,302,3,0
236400,1102,4,0
236400,5810,5,0
236400,305,6,0
236400,306,7,0
236400,307,8,0
236400,308,9,0
236400,390,10,0
236400,310,11,0
236400,5958,12,0
236400,6011,13,0
236400,5959,14,0
236400,231,15,0
236400,232,16,0
236400,386,17,0
236400,387,18,0
236400,388,19,0
236400,389,20,0
236400,391,21,0
236400,392,22,0
236400,393,23,0
236400,394,24,0
236400,395,25,0
236400,396,26,0
236400,5960,27,0
236400,397,28,0
236400,1130,29,0
236500,5849,1,0
236500,401,2,0
236500,402,3,0
236500,403,4,0
236500,404,5,0
236500,405,6,0
236500,406,7,0
236500,407,8,0
236500,360,9,0
236500,361,10,0
236500,410,11,0
236500,363,12,0
236500,412,13,0
236500,413,14,0
236500,414,15,0
236500,415,16,0
236500,416,17,0
236500,417,18,0
236500,418,19,0
236500,419,20,0
236500,420,21,0
236500,335,22,0
236500,422,23,0
236500,337,24,0
236500,424,25,0
236500,425,26,0
236500,426,27,0
236500,427,28,0
236500,428,29,0
236500,429,30,0
236500,297,31,0
236600,5838,1,0
236600,358,2,0
236600,359,3,0
236600,6013,4,0
236600,5602,5,0
236600,6103,6,0
236600,5915,7,0
236600,6077,8,0
236600,516,9,0
236600,517,10,0
236600,518,11,0
236600,519,12,0
236600,547,13,0
236600,520,14,0
236600,521,15,0
236600,522,16,0
236600,523,17,0
236600,524,18,0
236600,525,19,0
236600,526,20,0
236600,1636,21,0
236600,528,22,0
236600,529,23,0
236600,5608,24,0
236600,168,25,0
236600,169,26,0
236600,170,27,0
236600,171,28,0
236600,5807,29,0
236600,173,30,0
236600,174,31,0
236600,1647,32,0
236700,5844,1,0
236700,1501,2,0
236700,1503,3,0
236700,6043,4,0
236700,5706,5,0
236700,5817,6,0
236700,617,7,0
236700,618,8,0
236700,5882,9,0
236700,115,10,0
236700,116,11,0
236700,117,12,0
236700,6075,13,0
236700,1517,14,0
236700,1518,15,0
236700,1519,16,0
236700,1520,17,0
236800,5846,1,0
236800,602,2,0
236800,6085,3,0
236800,103,4,0
236800,703,5,0
236800,704,6,0
236800,164,7,0
236800,165,8,0
236800,166,9,0
236800,167,10,0
236800,168,11,0
236800,169,12,0
236800,170,13,0
236800,171,14,0
236800,5807,15,0
236800,173,16,0
236800,174,17,0
236800,1647,18,0
236900,5842,1,1
236900,602,2,0
236900,6085,3,0
236900,103,4,0
236900,6065,5,0
236900,104,6,0
236900,105,7,0
236900,106,8,0
236900,1612,9,0
236900,1613,10,0
236900,6062,11,0
236900,5955,12,0
236900,5973,13,0
236900,6098,14,0
236900,5976,15,0
236900,5971,16,0
236900,5972,17,0
236900,6014,18,0
236900,5605,19,0
236900,5606,20,0
236900,5607,21,0
236900,6077,22,0
236900,5608,23,0
236900,168,24,0
236900,169,25,0
236900,170,26,0
236900,171,27,0
236900,5807,28,0
236900,173,29,0
236900,174,30,0
237000,5846,1,0
237000,1501,2,0
237000,1503,3,0
237000,6043,4,0
237000,162,5,0
237000,163,6,0
237000,5806,7,0
237000,720,8,0
237000,721,9,0
237000,5807,10,0
237000,173,11,0
237000,174,12,0
237000,1647,13,0
237100,5910,1,0
237100,1636,2,0
237100,528,3,0
237100,529,4,0
237100,5608,5,0
237100,168,6,0
237100,169,7,0
237100,170,8,0
237100,171,9,1
237101,6065,1,0
237101,104,2,0
237101,105,3,0
237101,106,4,0
237101,1612,5,0
237101,1613,6,0
237101,1614,7,0
237101,5910,8,1
237200,5831,1,0
237200,1606,2,0
237200,602,3,0
237200,603,4,0
237200,604,5,0
237200,605,6,0
237200,112,7,0
237200,1505,8,0
237200,608,9,0
237200,609,10,0
237200,610,11,0
237200,611,12,0
237200,612,13,0
237200,613,14,0
237200,614,15,0
237200,615,16,0
237200,616,17,0
237200,617,18,0
237200,618,19,0
237200,5709,20,0
237200,160,21,0
237200,621,22,0
237200,6043,23,0
237200,622,24,0
237200,623,25,0
237200,624,26,0
237200,625,27,0
237200,174,28,0
237200,5843,29,1
237300,5843,1,0
237300,1606,2,0
237300,602,3,0
237300,6085,4,0
237300,103,5,0
237300,703,6,0
237300,704,7,0
237300,705,8,0
237300,706,9,0
237300,707,10,0
237300,708,11,0
237300,709,12,0
237300,710,13,0
237300,711,14,0
237300,712,15,0
237300,713,16,0
237300,714,17,0
237300,715,18,0
237300,716,19,0
237300,717,20,0
237300,718,21,0
237300,5806,22,0
237300,720,23,0
237300,721,24,0
237300,5807,25,0
237300,173,26,0
237300,174,27,0
237300,5831,28,1
237400,5850,1,0
237400,801,2,0
237400,802,3,0
237400,5936,4,0
237400,5937,5,0
237400,6027,6,0
237400,5926,7,0
237400,5934,8,0
237400,808,9,0
237400,155,10,0
237400,156,11,0
237400,157,12,0
237400,158,13,0
237400,813,14,0
237400,1516,15,0
237400,815,16,0
237400,816,17,0
237400,118,18,0
237400,818,19,0
237400,819,20,0
237400,820,21,0
237400,821,22,0
237400,6060,23,0
237400,6066,24,0
237400,6079,25,0
237400,1652,26,0
237400,6214,27,0
237500,5839,1,0
237500,801,2,0
237500,901,3,0
237500,902,4,0
237500,903,5,0
237500,904,6,0
237500,905,7,0
237500,906,8,0
237500,907,9,0
237500,5939,10,0
237500,210,11,0
237500,211,12,0
237500,212,13,0
237500,213,14,0
237500,5940,15,0
237500,5941,16,0
237500,916,17,0
237500,917,18,0
237500,918,19,0
237500,919,20,0
237500,920,21,0
237500,824,22,0
237500,922,23,0
237500,6067,24,0
237500,5833,25,1
237600,1633,1,0
237600,1634,2,0
237600,1635,3,0
237600,1636,4,0
237600,528,5,0
237600,529,6,0
237600,5608,7,0
237600,168,8,0
237600,169,9,0
237600,170,10,0
237600,171,11,0
237600,5807,12,0
237600,173,13,0
237600,174,14,0
237600,1647,15,0
237600,5832,16,1
237600,5848,17,0
237600,292,18,0
237600,1649,19,0
237600,294,20,0
237600,295,21,0
237600,6046,22,0
237600,543,23,0
237600,544,24,0
237600,6067,25,0
237600,5857,26,0
237600,6068,27,0
237600,1101,28,0
237600,6003,29,0
237600,6082,30,0
237600,254,31,0
237600,255,32,0
237600,256,33,0
237600,257,34,0
237600,258,35,0
237600,259,36,0
237600,260,37,0
237600,6055,38,1
237600,5852,39,1
237601,6055,1,0
237601,233,2,0
237601,234,3,0
237601,235,4,0
237601,236,5,0
237601,6097,6,0
237601,237,7,0
237601,238,8,0
237601,5985,9,0
237601,6094,10,0
237601,6067,11,0
237601,5852,12,0
237601,6068,13,0
237601,501,14,0
237601,352,15,0
237601,1602,16,0
237601,203,17,0
237601,204,18,0
237601,356,19,0
237601,5832,20,0
237601,1606,21,0
237601,602,22,0
237601,6085,23,0
237601,103,24,0
237601,6065,25,0
237601,104,26,0
237601,105,27,0
237601,106,28,0
237601,1612,29,0
237601,1613,30,0
237601,1614,31,0
237601,1615,32,0
237601,6095,33,0
237601,6058,34,1
