101,'1',548,,97,8,0,24 23,1,70,,98,7,0,24 23,1,30,,99,7,0,24 23,1,70,,100,7,0,24 23,1,30,,101,7,0,24 23,1,70,,102,7,0,24 23,1,30,,103,7,0,24 23,1,70,,104,7,0,24 23,1,30,,105,7,0,24 23,1,70,,106,7,0,24 23,1,30,,107,7,0,24 23,1,70,,108,7,0,24 23,1,30,,109,7,0,24 23,1,70,,110,7,0,24 23,1,30,,111,7,0,24 23,1,70,,112,7,0,24 23,1,30,,113,7,0,24 23,1,70,,114,7,0,24 23,1,30,,115,7,0,24 23,1,70,,116,7,0,24 23,1,30,,117,7,0,24 23,1,70,,118,7,0,24 23,1,30,,119,7,0,24 23,1,70,,120,7,0,24 23,1,30,,121,7,0,24 23,1,70,,122,7,0,24 23,1,30,,123,7,0,24 23,1,70,,124,7,0,24 23,1,30,,125,7,0,24 23,1,70,,126,7,0,24 23,1,30,,127,7,0,24 23,1,70,,128,7,0,24 23,1,30,,129,7,0,24 23,1,70,,130,7,0,24 23,1,30,,131,7,0,24 23,1,70,,132,7,0,24 23,1,30,,133,7,0,24 23,1,70,,134,7,0,24 23,1
101,'2',548,,135,8,0,24 23,1,70,,136,7,0,24 23,1,30,,137,7,0,24 23,1,70,,138,7,0,24 23,1,30,,139,7,0,24 23,1,70,,140,7,0,24 23,1,30,,141,7,0,24 23,1,70,,142,7,0,24 23,1,30,,143,7,0,24 23,1,70,,144,7,0,24 23,1,30,,145,7,0,24 23,1,70,,146,7,0,24 23,1,30,,147,7,0,24 23,1,70,,148,7,0,24 23,1,30,,149,7,0,24 23,1,70,,150,7,0,24 23,1,30,,151,7,0,24 23,1,70,,152,7,0,24 23,1,30,,153,7,0,24 23,1,70,,154,7,0,24 23,1,30,,155,7,0,24 23,1,70,,156,7,0,24 23,1,30,,157,7,0,24 23,1,70,,158,7,0,24 23,1,30,,159,7,0,24 23,1,70,,160,7,0,24 23,1,30,,161,7,0,24 23,1,70,,162,7,0,24 23,1,30,,163,7,0,24 23,1,70,,164,7,0,24 23,1,30,,165,7,0,24 23,1,70,,166,7,0,24 23,1,30,,167,7,0,24 23,1,70,,168,7,0,24 23,1,30,,169,7,0,24 23,1,70,,170,7,0,24 23,1,30,,171,7,0,24 23,1,70,,172,7,0,24 23,1
101,'3',918,,173,8,0,24 23,1,30,,174,7,0,24 23,1,70,,175,7,0,24 23,1,30,,176,7,0,24 23,1,70,,177,7,0,24 23,1,30,,178,7,0,24 23,1,70,,179,7,0,24 23,1,30,,180,7,0,24 23,1,70,,181,7,0,24 23,1,30,,182,7,0,24 23,1,70,,183,7,0,24 23,1,30,,184,7,0,24 23,1,70,,185,7,0,24 23,1,30,,186,7,0,24 23,1,70,,187,7,0,24 23,1,30,,188,7,0,24 23,1,70,,189,7,0,24 23,1,30,,190,7,0,24 23,1,70,,191,7,0,24 23,1,30,,192,7,0,24 23,1
801,'1',601,,1634,5,0,16,0,30,,1633,5,0,16,0,70,,1632,5,0,16,0,32,,1631,5,0,16,0,20,,1630,5,0,16,0,60,,1629,5,0,16,0,20,,1628,5,0,16,0,20,,1627,5,0,16,0,60,,1626,5,0,16,0,20,,1625,5,0,16,0,20,,1624,5,0,16,0,60,,1623,5,0,16,0,20,,1622,5,0,16,0,20,,1621,5,0,16,0,60,,1620,5,0,16,0,20,,1619,5,0,16,0,20,,1618,5,0,16,0,60,,1617,5,0,16,0,20,,1616,5,0,16,0,20,,1615,5,0,16,0,60,,1614,5,0,16,0,20,,1613,5,0,16,0,20,,1612,5,0,16,0,60,,1611,5,0,16,0,20,,1610,5,0,16,0,20,,1609,5,0,16,0,60,,1608,5,0,16,0,20,,1607,5,0,16,0,20,,1606,5,0,16,0,60,,1605,5,0,16,0,20,,1604,5,0,16,0,20,,1603,5,0,16,0,60,,1602,5,0,16,0,20,,1601,5,0,16,0,20,,1600,5,0,16,0,60,,1599,5,0,16,0,18,,1598,5,0,16,0,70,,1597,5,0,16,0,30,,1596,5,0,16,0,70,,1595,5,0,16,0,30,,1594,5,0,16,0,70,,1593,5,0,16,0,30,,1592,5,0,16,0,70,,1591,5,0,16,0,30,,1590,5,0,16,0,70,,1589,5,0,16,0,30,,1588,5,0,16,0,70,,1587,5,0,16,0,30,,1586,5,0,16,0
801,'2',600,,1635,5,0,16,0,30,,1636,5,0,16,0,70,,1637,5,0,16,0,30,,1638,5,0,16,0,70,,1639,5,0,16,0,30,,1640,5,0,16,0,70,,1641,5,0,16,0,30,,1642,5,0,16,0,70,,1643,5,0,16,0,30,,1644,5,0,16,0,70,,1645,5,0,16,0,30,,1646,5,0,16,0,70,,1647,5,0,16,0,30,,1648,5,0,16,0,70,,1649,5,0,16,0,30,,1650,5,0,16,0,70,,1651,5,0,16,0,30,,1652,5,0,16,0,70,,1653,5,0,16,0,30,,1654,5,0,16,0,70,,1655,5,0,16,0,30,,1656,5,0,16,0,70,,1657,5,0,16,0,30,,1658,5,0,16,0,70,,1659,5,0,16,0,30,,1660,5,0,16,0,70,,1661,5,0,16,0,30,,1662,5,0,16,0,70,,1663,5,0,16,0,30,,1664,5,0,16,0,70,,1665,5,0,16,0,30,,1666,5,0,16,0,70,,1667,5,0,16,0,30,,1668,5,0,16,0,70,,1669,5,0,16,0,30,,1670,5,0,16,0,70,,1671,5,0,16,0,30,,1672,5,0,16,0
801,'3',930,,1673,5,0,16,0,70,,1674,5,0,16,0,30,,1675,5,0,16,0,70,,1676,5,0,16,0,30,,1677,5,0,16,0,70,,1678,5,0,16,0,30,,1679,5,0,16,0,70,,1680,5,0,16,0,30,,1681,5,0,16,0,70,,1682,5,0,16,0,30,,1683,5,0,16,0,70,,1684,5,0,16,0,30,,1685,5,0,16,0,70,,1686,5,0,16,0,30,,1687,5,0,16,0,70,,1688,5,0,16,0,30,,1689,5,0,16,0,70,,1690,5,0,16,0,30,,1691,5,0,16,0,70,,1692,5,0,16,0
1501,'1',544,,3012,7,0,23,1,70,,3013,7,0,23,1,30,,3014,7,0,23,1,70,,3015,7,0,23,1,30,,3016,7,0,23,1,70,,3017,7,0,23,1,30,,3018,7,0,23,1,70,,3019,7,0,23,1,30,,3020,7,0,23,1,70,,3021,7,0,23,1,30,,3022,7,0,23,1,70,,3023,7,0,23,1,30,,3024,7,0,23,1,70,,3025,7,0,23,1,30,,3026,7,0,23,1,70,,3027,7,0,23,1,30,,3028,7,0,23,1,70,,3029,7,0,23,1,30,,3030,7,0,23,1,70,,3031,7,0,23,1,30,,3032,7,0,23,1,70,,3033,7,0,23,1,30,,3034,7,0,23,1,70,,3035,7,0,23,1,30,,3036,7,0,23,1,70,,3037,7,0,23,1,30,,3038,7,0,23,1,70,,3039,7,0,23,1,30,,3040,7,0,23,1,70,,3041,7,0,23,1,30,,3042,7,0,23,1,70,,3043,7,0,23,1,30,,3044,7,0,23,1,70,,3045,7,0,23,1,30,,3046,7,0,23,1,70,,3047,7,0,23,1,30,,3048,7,0,23,1,70,,3049,7,0,23,1,30,,3050,7,0,23,1
1501,'2',544,,3051,7,0,23,1,70,,3052,7,0,23,1,30,,3053,7,0,23,1,70,,3054,7,0,23,1,30,,3055,7,0,23,1,70,,3056,7,0,23,1,30,,3057,7,0,23,1,70,,3058,7,0,23,1,30,,3059,7,0,23,1,70,,3060,7,0,23,1,30,,3061,7,0,23,1,70,,3062,7,0,23,1,30,,3063,7,0,23,1,70,,3064,7,0,23,1,30,,3065,7,0,23,1,70,,3066,7,0,23,1,30,,3067,7,0,23,1,70,,3068,7,0,23,1,30,,3069,7,0,23,1,70,,3070,7,0,23,1,30,,3071,7,0,23,1,70,,3072,7,0,23,1,30,,3073,7,0,23,1,70,,3074,7,0,23,1,30,,3075,7,0,23,1,70,,3076,7,0,23,1,30,,3077,7,0,23,1,70,,3078,7,0,23,1,30,,3079,7,0,23,1,70,,3080,7,0,23,1,30,,3081,7,0,23,1,70,,3082,7,0,23,1,30,,3083,7,0,23,1,70,,3084,7,0,23,1,30,,3085,7,0,23,1,70,,3086,7,0,23,1,30,,3087,7,0,23,1,70,,3088,7,0,23,1,30,,3089,7,0,23,1
1501,'3',914,,3090,7,0,23,1,30,,3091,7,0,23,1,70,,3092,7,0,23,1,30,,3093,7,0,23,1,70,,3094,7,0,23,1,30,,3095,7,0,23,1,70,,3096,7,0,23,1,30,,3097,7,0,23,1,70,,3098,7,0,23,1,30,,3099,7,0,23,1,70,,3100,7,0,23,1,30,,3101,7,0,23,1,70,,3102,7,0,23,1,30,,3103,7,0,23,1,70,,3104,7,0,23,1,30,,3105,7,0,23,1,70,,3106,7,0,23,1,30,,3107,7,0,23,1,70,,3108,7,0,23,1,30,,3109,7,0,23,1,70,,3110,7,0,23,1
1000401,'14802',2525,,4748,12,0,33 9 15,0,20,,4749,12,0,33 9 15,0,60,,4750,12,0,33 9 15,0,20,,4751,12,0,33 9 15,0,20,,4752,12,0,33 9 15,0
1000401,'7901',2545,,4753,12,0,33 9 15,0,80,,4754,12,0,33 9 15,0
1000401,'8001',2525,,4755,12,0,33 9 15,0,80,,4756,12,0,33 9 15,0,40,,4757,12,0,33 9 15,0
