100,5838,1,0,0
100,1606,2,0,0
100,602,3,0,0
100,6085,4,0,0
100,103,5,0,0
100,6065,6,0,0
100,104,7,0,0
100,105,8,0,0
100,106,9,0,0
100,107,10,0,0
100,108,11,0,0
100,109,12,0,0
100,110,13,0,0
100,111,14,0,0
100,112,15,1,1
101,111,1,0,0
101,112,2,0,0
101,1505,3,0,0
101,114,4,0,0
101,115,5,0,0
101,116,6,0,0
101,117,7,0,0
101,118,8,0,0
101,5982,9,0,0
101,119,10,0,0
101,356,11,0,0
101,5838,12,1,1
200,5847,1,0,0
200,292,2,0,0
200,154,3,0,0
200,5986,4,0,0
200,155,5,0,0
200,6221,6,0,0
200,156,7,0,0
200,157,8,0,0
200,158,9,0,0
200,5709,10,0,0
200,160,11,0,0
200,621,12,0,0
200,6043,13,0,0
200,162,14,1,1
201,6043,1,0,0
201,162,2,0,0
201,163,3,0,0
201,164,4,0,0
201,165,5,0,0
201,166,6,0,0
201,167,7,0,0
201,168,8,0,0
201,169,9,0,0
201,170,10,0,0
201,171,11,0,0
201,5807,12,0,0
201,173,13,0,0
201,174,14,0,0
201,1647,15,0,0
201,5834,16,1,1
300,5841,1,0,0
300,6063,2,0,0
300,302,3,0,0
300,1102,4,0,0
300,5810,5,0,0
300,305,6,0,0
300,306,7,0,0
300,307,8,0,0
300,308,9,0,0
300,390,10,0,0
300,310,11,0,0
300,5958,12,0,0
300,6011,13,0,0
300,5959,14,0,0
300,231,15,1,1
301,231,1,0,0
301,232,2,0,0
301,386,3,0,0
301,387,4,0,0
301,388,5,0,0
301,389,6,0,0
301,391,7,0,0
301,392,8,0,0
301,393,9,0,0
301,394,10,0,0
301,395,11,0,0
301,396,12,0,0
301,5960,13,0,0
301,5841,14,1,1
301,5837,15,1,1
400,5849,1,0,0
400,401,2,0,0
400,402,3,0,0
400,403,4,0,0
400,404,5,0,0
400,405,6,0,0
400,406,7,0,0
400,407,8,0,0
400,360,9,0,0
400,361,10,0,0
400,410,11,0,0
400,363,12,0,0
400,412,13,0,0
400,413,14,0,0
400,414,15,0,0
400,415,16,0,0
400,416,17,1,1
401,416,1,0,0
401,417,2,0,0
401,418,3,0,0
401,419,4,0,0
401,5811,5,0,0
401,420,6,0,0
401,335,7,0,0
401,422,8,0,0
401,337,9,0,0
401,424,10,0,0
401,425,11,0,0
401,426,12,0,0
401,427,13,0,0
401,428,14,0,0
401,429,15,0,0
401,5849,16,1,1
500,5845,1,0,0
500,358,2,0,0
500,359,3,0,0
500,6217,4,0,0
500,6220,5,0,0
500,6013,6,0,0
500,5602,7,0,0
500,6103,8,0,0
500,6077,9,0,0
500,516,10,0,0
500,517,11,0,0
500,518,12,0,0
500,519,13,0,0
500,547,14,0,0
500,520,15,1,1
501,520,1,0,0
501,521,2,0,0
501,522,3,0,0
501,523,4,0,0
501,524,5,0,0
501,525,6,0,0
501,526,7,0,0
501,1636,8,0,0
501,528,9,0,0
501,529,10,0,0
501,5608,11,0,0
501,168,12,0,0
501,169,13,0,0
501,170,14,0,0
501,171,15,0,0
501,5807,16,0,0
501,173,17,0,0
501,174,18,0,0
501,5845,19,1,1
600,5831,1,0,0
600,1606,2,0,0
600,602,3,0,0
600,603,4,0,0
600,604,5,0,0
600,605,6,0,0
600,112,7,0,0
600,1505,8,0,0
600,608,9,0,0
600,609,10,0,0
600,610,11,0,0
600,611,12,0,0
600,612,13,1,1
601,612,1,0,0
601,613,2,0,0
601,614,3,0,0
601,615,4,0,0
601,616,5,0,0
601,617,6,0,0
601,618,7,0,0
601,5709,8,0,0
601,160,9,0,0
601,621,10,0,0
601,6043,11,0,0
601,622,12,0,0
601,623,13,0,0
601,624,14,0,0
601,625,15,0,0
601,174,16,0,0
601,5843,17,1,1
700,5843,1,0,0
700,1606,2,0,0
700,602,3,0,0
700,6085,4,0,0
700,103,5,0,0
700,703,6,0,0
700,704,7,0,0
700,705,8,0,0
700,706,9,0,0
700,707,10,0,0
700,708,11,0,0
700,709,12,0,0
700,710,13,0,0
700,711,14,0,0
700,712,15,0,0
700,713,16,1,1
701,713,1,0,0
701,714,2,0,0
701,715,3,0,0
701,716,4,0,0
701,717,5,0,0
701,718,6,0,0
701,5806,7,0,0
701,720,8,0,0
701,721,9,0,0
701,5807,10,0,0
701,173,11,0,0
701,174,12,0,0
701,5831,13,1,1
800,5850,1,0,0
800,801,2,0,0
800,802,3,0,0
800,5936,4,0,0
800,5937,5,0,0
800,6027,6,0,0
800,5926,7,0,0
800,5934,8,0,0
800,808,9,0,0
800,155,10,0,0
800,6221,11,0,0
800,156,12,0,0
800,157,13,0,0
800,158,14,0,0
800,813,15,1,1
801,813,1,0,0
801,1516,2,0,0
801,815,3,0,0
801,816,4,0,0
801,118,5,0,0
801,818,6,0,0
801,819,7,0,0
801,820,8,0,0
801,821,9,0,0
801,6060,10,0,0
801,6066,11,0,0
801,6079,12,0,0
801,1652,13,0,0
801,6214,14,0,0
801,5850,15,1,1
900,5839,1,0,0
900,801,2,0,0
900,901,3,0,0
900,902,4,0,0
900,903,5,0,0
900,904,6,0,0
900,905,7,0,0
900,906,8,0,0
900,907,9,0,0
900,5939,10,0,0
900,210,11,0,0
900,211,12,0,0
900,212,13,1,1
901,212,1,0,0
901,213,2,0,0
901,5940,3,0,0
901,5941,4,0,0
901,916,5,0,0
901,917,6,0,0
901,918,7,0,0
901,919,8,0,0
901,920,9,0,0
901,824,10,0,0
901,922,11,0,0
901,6067,12,0,0
901,5839,13,1,1
1000,5858,1,0,0
1000,1002,2,0,0
1000,1003,3,0,0
1000,1004,4,0,0
1000,1005,5,0,0
1000,1006,6,0,0
1000,1007,7,0,0
1000,1008,8,0,0
1000,1009,9,0,0
1000,1010,10,0,0
1000,1011,11,0,0
1000,6045,12,0,0
1000,1012,13,0,0
1000,1013,14,0,0
1000,1014,15,0,0
1000,1015,16,0,0
1000,6029,17,1,1
1001,6029,1,0,0
1001,1017,2,0,0
1001,6169,3,0,0
1001,1018,4,0,0
1001,1019,5,0,0
1001,1020,6,0,0
1001,1021,7,0,0
1001,1022,8,0,0
1001,1023,9,0,0
1001,1122,10,0,0
1001,1025,11,0,0
1001,1026,12,0,0
1001,5860,13,1,1
1100,5851,1,0,0
1100,6068,2,0,0
1100,1101,3,0,0
1100,6003,4,0,0
1100,1102,5,0,0
1100,5810,6,0,0
1100,305,7,0,0
1100,1105,8,0,0
1100,1106,9,0,0
1100,1108,10,0,0
1100,1109,11,0,0
1100,1110,12,0,0
1100,6191,13,0,0
1100,6192,14,0,0
1100,6004,15,0,0
1100,2035,16,0,0
1100,2036,17,0,0
1100,1117,18,1,1
1101,1117,1,0,0
1101,1118,2,0,0
1101,2037,3,0,0
1101,2040,4,0,0
1101,1121,5,0,0
1101,1122,6,0,0
1101,1025,7,0,0
1101,1026,8,0,0
1101,5851,9,1,1
1200,5860,1,0,0
1200,6063,2,0,0
1200,1302,3,0,0
1200,1203,4,0,0
1200,1204,5,0,0
1200,1205,6,0,0
1200,1206,7,0,0
1200,1207,8,0,0
1200,1208,9,0,0
1200,1209,10,0,0
1200,1210,11,0,0
1200,1211,12,0,0
1200,375,13,0,0
1200,1213,14,0,0
1200,1214,15,1,1
1201,1214,1,0,0
1201,1215,2,0,0
1201,1216,3,0,0
1201,1217,4,0,0
1201,1218,5,0,0
1201,1219,6,0,0
1201,1220,7,0,0
1201,1221,8,0,0
1201,1222,9,0,0
1201,1223,10,0,0
1201,1224,11,0,0
1201,1225,12,0,0
1201,1328,13,0,0
1201,5858,14,1,1
1300,5837,1,0,0
1300,1302,2,0,0
1300,1303,3,0,0
1300,6056,4,0,0
1300,1311,5,0,0
1300,1312,6,0,0
1300,1313,7,0,0
1300,1314,8,0,0
1300,1315,9,1,1
1301,1315,1,0,0
1301,327,2,0,0
1301,328,3,0,0
1301,5814,4,0,0
1301,6064,5,0,0
1301,370,6,0,0
1301,371,7,0,0
1301,372,8,0,0
1301,1323,9,0,0
1301,1324,10,0,0
1301,1325,11,0,0
1301,1326,12,0,0
1301,1327,13,0,0
1301,5820,14,0,0
1301,1328,15,0,0
1301,5837,16,1,1
1400,5859,1,0,0
1400,1402,2,0,0
1400,1403,3,0,0
1400,1404,4,0,0
1400,1405,5,0,0
1400,1406,6,0,0
1400,1407,7,0,0
1400,6161,8,0,0
1400,1408,9,0,0
1400,1409,10,0,0
1400,1410,11,0,0
1400,6052,12,0,0
1400,1411,13,0,0
1400,332,14,0,0
1400,333,15,1,1
1401,333,1,0,0
1401,5924,2,0,0
1401,1414,3,0,0
1401,1415,4,0,0
1401,1416,5,0,0
1401,6162,6,0,0
1401,1417,7,0,0
1401,1418,8,0,0
1401,1419,9,0,0
1401,1420,10,0,0
1401,1421,11,0,0
1401,1422,12,0,0
1401,1423,13,0,0
1401,1424,14,0,0
1401,5859,15,1,1
1500,5834,1,0,0
1500,1501,2,0,0
1500,1503,3,0,0
1500,207,4,0,0
1500,1505,5,0,0
1500,114,6,0,0
1500,1507,7,0,0
1500,1508,8,1,1
1501,1508,1,0,0
1501,1509,2,0,0
1501,1510,3,0,0
1501,1511,4,0,0
1501,1512,5,0,0
1501,117,6,0,0
1501,118,7,0,0
1501,5982,8,0,0
1501,119,9,0,0
1501,120,10,0,0
1501,121,11,0,0
1501,122,12,0,0
1501,5847,13,1,1
1600,6189,1,0,0
1600,6058,2,0,0
1600,5963,3,0,0
1600,1619,4,0,0
1600,6222,5,0,0
1600,1620,6,0,0
1600,1621,7,0,0
1600,1622,8,0,0
1600,1623,9,0,0
1600,6102,10,0,0
1600,1624,11,1,1
1601,1624,1,0,0
1601,1625,2,0,0
1601,1626,3,0,0
1601,1627,4,0,0
1601,1628,5,0,0
1601,1629,6,0,0
1601,1630,7,0,0
1601,1631,8,0,0
1601,6006,9,0,0
1601,6007,10,0,0
1601,6008,11,0,0
1601,6185,12,0,0
1601,5965,13,0,0
1601,6095,14,0,0
1601,6098,15,0,0
1601,6113,16,0,0
1601,6112,17,0,0
1601,6100,18,0,0
1601,6101,19,1,1
1700,5836,1,0,0
1700,1501,2,0,0
1700,1503,3,0,0
1700,207,4,0,0
1700,1505,5,0,0
1700,114,6,0,0
1700,6047,7,0,0
1700,1516,8,0,0
1700,815,9,0,0
1700,816,10,0,0
1700,6221,11,0,0
1700,156,12,0,0
1700,907,13,0,0
1700,5939,14,0,0
1700,210,15,0,0
1700,211,16,0,0
1700,212,17,0,0
1700,213,18,0,0
1700,214,19,0,0
1700,215,20,0,0
1700,216,21,0,0
1700,217,22,0,0
1700,6096,23,0,0
1700,218,24,0,0
1700,219,25,0,0
1700,220,26,0,0
1700,221,27,0,0
1700,5829,28,0,0
1700,5942,29,0,0
1700,223,30,0,0
1700,224,31,0,0
1700,225,32,0,0
1700,226,33,0,0
1700,227,34,0,0
1700,228,35,0,0
1700,229,36,0,0
1700,5923,37,0,0
1700,230,38,0,0
1700,231,39,0,0
1700,232,40,0,0
1700,5917,41,1,1
1701,5917,1,0,0
1701,233,2,0,0
1701,315,3,0,0
1701,316,4,0,0
1701,317,5,0,0
1701,318,6,0,0
1701,319,7,0,0
1701,320,8,0,0
1701,321,9,0,0
1701,322,10,0,0
1701,323,11,0,0
1701,324,12,0,0
1701,325,13,0,0
1701,326,14,0,0
1701,327,15,0,0
1701,328,16,0,0
1701,5814,17,0,0
1701,330,18,0,0
1701,5861,19,0,0
1701,5957,20,0,0
1701,1411,21,0,0
1701,332,22,0,0
1701,333,23,0,0
1701,420,24,0,0
1701,335,25,0,0
1701,422,26,0,0
1701,337,27,0,0
1701,338,28,0,0
1701,339,29,0,0
1701,340,30,0,0
1701,5836,31,1,1
1800,5840,1,0,0
1800,358,2,0,0
1800,359,3,0,0
1800,360,4,0,0
1800,361,5,0,0
1800,410,6,0,0
1800,363,7,0,0
1800,412,8,0,0
1800,365,9,0,0
1800,366,10,0,0
1800,367,11,0,0
1800,5862,12,0,0
1800,368,13,0,0
1800,369,14,0,0
1800,370,15,0,0
1800,371,16,0,0
1800,372,17,0,0
1800,1323,18,0,0
1800,374,19,0,0
1800,375,20,0,0
1800,1213,21,0,0
1800,377,22,0,0
1800,378,23,0,0
1800,379,24,0,0
1800,380,25,0,0
1800,381,26,0,0
1800,382,27,0,0
1800,383,28,0,0
1800,384,29,0,0
1800,5917,30,1,1
1801,5917,1,0,0
1801,262,2,0,0
1801,263,3,0,0
1801,264,4,0,0
1801,265,5,0,0
1801,266,6,0,0
1801,267,7,0,0
1801,268,8,0,0
1801,269,9,0,0
1801,270,10,0,0
1801,271,11,0,0
1801,272,12,0,0
1801,273,13,0,0
1801,274,14,0,0
1801,275,15,0,0
1801,276,16,0,0
1801,277,17,0,0
1801,6044,18,0,0
1801,278,19,0,0
1801,279,20,0,0
1801,280,21,0,0
1801,281,22,0,0
1801,282,23,0,0
1801,283,24,0,0
1801,284,25,0,0
1801,917,26,0,0
1801,1512,27,0,0
1801,117,28,0,0
1801,6075,29,0,0
1801,6076,30,0,0
1801,6047,31,0,0
1801,5709,32,0,0
1801,160,33,0,0
1801,621,34,0,0
1801,1519,35,0,0
1801,1520,36,0,0
1801,5840,37,1,1
1900,6101,1,0,0
1900,6058,2,0,0
1900,5963,3,0,0
1900,1619,4,0,0
1900,6222,5,0,0
1900,6114,6,0,0
1900,6115,7,0,0
1900,6116,8,0,0
1900,6117,9,0,0
1900,6118,10,0,0
1900,6119,11,0,0
1900,6120,12,0,0
1900,6121,13,0,0
1900,6122,14,0,0
1900,6123,15,0,0
1900,6124,16,0,0
1900,6126,17,0,0
1900,6197,18,0,0
1900,714,19,0,0
1900,715,20,0,0
1900,5911,21,0,0
1900,6198,22,0,0
1900,6199,23,0,0
1900,6200,24,0,0
1900,6201,25,0,0
1900,6048,26,1,1
1901,6048,1,0,0
1901,6202,2,0,0
1901,1507,3,0,0
1901,6203,4,0,0
1901,6204,5,0,0
1901,6205,6,0,0
1901,6206,7,0,0
1901,6194,8,0,0
1901,6207,9,0,0
1901,6208,10,0,0
1901,6193,11,0,0
1901,6210,12,0,0
1901,6131,13,0,0
1901,6183,14,0,0
1901,6155,15,0,0
1901,6211,16,0,0
1901,6212,17,0,0
1901,6213,18,0,0
1901,6134,19,0,0
1901,6135,20,0,0
1901,6223,21,0,0
1901,6136,22,0,0
1901,5964,23,0,0
1901,6188,24,0,0
1901,6189,25,1,1
2000,5833,1,0,0
2000,6063,2,0,0
2000,302,3,0,0
2000,2001,4,0,0
2000,6030,5,0,0
2000,2002,6,0,0
2000,1108,7,0,0
2000,2004,8,0,0
2000,2005,9,0,0
2000,2006,10,0,0
2000,2007,11,0,0
2000,1013,12,0,0
2000,1014,13,0,0
2000,277,14,0,0
2000,2011,15,0,0
2000,2012,16,0,0
2000,5863,17,0,0
2000,2014,18,0,0
2000,2015,19,0,0
2000,2016,20,0,0
2000,2017,21,0,0
2000,2018,22,0,0
2000,2019,23,0,0
2000,2020,24,0,0
2000,2021,25,0,0
2000,2022,26,0,0
2000,2023,27,0,0
2000,2024,28,0,0
2000,2025,29,0,0
2000,2026,30,0,0
2000,226,31,0,0
2000,2028,32,1,1
2001,2028,1,0,0
2001,2029,2,0,0
2001,2030,3,0,0
2001,2031,4,0,0
2001,2032,5,0,0
2001,2033,6,0,0
2001,2034,7,0,0
2001,1113,8,0,0
2001,1131,9,0,0
2001,1114,10,0,0
2001,1115,11,0,0
2001,1116,12,0,0
2001,1117,13,0,0
2001,1118,14,0,0
2001,2037,15,0,0
2001,2040,16,0,0
2001,1121,17,0,0
2001,1122,18,0,0
2001,1025,19,0,0
2001,1026,20,0,0
2001,5833,21,1,1
9800,5853,1,0,0
9800,6030,2,0,0
9800,6191,3,0,0
9800,1112,4,0,0
9800,6224,5,0,0
9800,6225,6,0,0
9800,6226,7,0,0
9800,5990,8,0,0
9800,218,9,1,1
9801,218,1,0,0
9801,219,2,0,0
9801,5829,3,0,0
9801,5942,4,0,0
9801,6228,5,0,0
9801,6230,6,0,0
9801,6231,7,0,0
9801,5853,8,1,1
9900,1633,1,0,0
9900,1634,2,0,0
9900,1635,3,0,0
9900,1636,4,0,0
9900,528,5,0,0
9900,529,6,0,0
9900,5608,7,0,0
9900,168,8,0,0
9900,169,9,0,0
9900,170,10,0,0
9900,171,11,0,0
9900,5807,12,0,0
9900,173,13,0,0
9900,174,14,0,0
9900,1647,15,0,0
9900,5848,16,0,0
9900,292,17,0,0
9900,1649,18,0,0
9900,294,19,0,0
9900,295,20,0,0
9900,6046,21,0,0
9900,543,22,0,0
9900,544,23,0,0
9900,6067,24,0,0
9900,5857,25,0,0
9900,6068,26,0,0
9900,1101,27,0,0
9900,6003,28,0,0
9900,6082,29,0,0
9900,254,30,0,0
9900,255,31,0,0
9900,256,32,0,0
9900,257,33,0,0
9900,258,34,0,0
9900,259,35,0,0
9900,260,36,0,0
9900,5895,37,0,0
9900,6055,38,1,1
9900,5852,39,1,1
9901,6055,1,0,0
9901,233,2,0,0
9901,234,3,0,0
9901,235,4,0,0
9901,6218,5,0,0
9901,236,6,0,0
9901,6097,7,0,0
9901,237,8,0,0
9901,238,9,0,0
9901,5985,10,0,0
9901,6094,11,0,0
9901,6067,12,0,0
9901,5852,13,0,0
9901,6068,14,0,0
9901,501,15,0,0
9901,352,16,0,0
9901,1602,17,0,0
9901,203,18,0,0
9901,204,19,0,0
9901,356,20,0,0
9901,5832,21,0,0
9901,1606,22,0,0
9901,602,23,0,0
9901,6085,24,0,0
9901,103,25,0,0
9901,6065,26,0,0
9901,104,27,0,0
9901,105,28,0,0
9901,106,29,0,0
9901,1612,30,0,0
9901,1613,31,0,0
9901,1614,32,0,0
9901,1615,33,0,0
9901,6095,34,0,0
9901,6058,35,1,1
1000500,6109,1,0,0
1000500,5909,2,0,0
1000501,5909,1,0,0
1000501,6105,2,0,0
1000501,6106,3,0,0
1000501,6109,4,1,1
