200,'1',600,,193,1,0,23 24,0,30,,194,1,0,23 24,0,70,,195,1,0,23 24,0,30,,196,1,0,23 24,0,70,,197,1,0,23 24,0,30,,198,1,0,23 24,0,70,,199,1,0,23 24,0,30,,200,1,0,23 24,0,70,,201,1,0,23 24,0,30,,202,1,0,23 24,0,70,,203,1,0,23 24,0,30,,204,1,0,23 24,0,70,,205,1,0,23 24,0,30,,206,1,0,23 24,0,70,,207,1,0,23 24,0,30,,208,1,0,23 24,0,70,,209,1,0,23 24,0,30,,210,1,0,23 24,0,70,,211,1,0,23 24,0,30,,212,1,0,23 24,0,70,,213,1,0,23 24,0,30,,214,1,0,23 24,0,70,,215,1,0,23 24,0,30,,216,1,0,23 24,0,70,,217,1,0,23 24,0,30,,218,1,0,23 24,0,70,,219,1,0,23 24,0,30,,220,1,0,23 24,0,70,,221,1,0,23 24,0,30,,222,1,0,23 24,0,70,,223,1,0,23 24,0,30,,224,1,0,23 24,0,70,,225,1,0,23 24,0,30,,226,1,0,23 24,0,70,,227,1,0,23 24,0,30,,228,1,0,23 24,0,70,,229,1,0,23 24,0,30,,230,1,0,23 24,0
200,'2',600,,231,1,0,23 24,0,30,,232,1,0,23 24,0,70,,233,1,0,23 24,0,30,,234,1,0,23 24,0,70,,235,1,0,23 24,0,30,,236,1,0,23 24,0,70,,237,1,0,23 24,0,30,,238,1,0,23 24,0,70,,239,1,0,23 24,0,30,,240,1,0,23 24,0,70,,241,1,0,23 24,0,30,,242,1,0,23 24,0,70,,243,1,0,23 24,0,30,,244,1,0,23 24,0,70,,245,1,0,23 24,0,30,,246,1,0,23 24,0,70,,247,1,0,23 24,0,30,,248,1,0,23 24,0,70,,249,1,0,23 24,0,30,,250,1,0,23 24,0,70,,251,1,0,23 24,0,30,,252,1,0,23 24,0,70,,253,1,0,23 24,0,30,,254,1,0,23 24,0,70,,255,1,0,23 24,0,30,,256,1,0,23 24,0,70,,257,1,0,23 24,0,30,,258,1,0,23 24,0,70,,259,1,0,23 24,0,30,,260,1,0,23 24,0,70,,261,1,0,23 24,0,30,,262,1,0,23 24,0,70,,263,1,0,23 24,0,30,,264,1,0,23 24,0,70,,265,1,0,23 24,0,30,,266,1,0,23 24,0,70,,267,1,0,23 24,0,30,,268,1,0,23 24,0
200,'3',930,,269,1,0,23 24,0,70,,270,1,0,23 24,0,30,,271,1,0,23 24,0,70,,272,1,0,23 24,0,30,,273,1,0,23 24,0,70,,274,1,0,23 24,0,30,,275,1,0,23 24,0,70,,276,1,0,23 24,0,30,,277,1,0,23 24,0,70,,278,1,0,23 24,0,30,,279,1,0,23 24,0,70,,280,1,0,23 24,0,30,,281,1,0,23 24,0,70,,282,1,0,23 24,0,30,,283,1,0,23 24,0,70,,284,1,0,23 24,0,30,,285,1,0,23 24,0,70,,286,1,0,23 24,0,30,,287,1,0,23 24,0,70,,288,1,0,23 24,0
1501,'1',551,,3012,13,4,,1,70,,3013,13,4,,1,30,,3014,13,4,,1,70,,3015,13,4,,1,30,,3016,13,4,,1,70,,3017,13,4,,1,30,,3018,13,4,,1,70,,3019,13,4,,1,30,,3020,13,4,,1,70,,3021,13,4,,1,30,,3022,13,4,,1,70,,3023,13,4,,1,30,,3024,13,4,,1,70,,3025,13,4,,1,30,,3026,13,4,,1,70,,3027,13,4,,1,30,,3028,13,4,,1,70,,3029,13,4,,1,30,,3030,13,4,,1,70,,3031,13,4,,1,30,,3032,13,4,,1,70,,3033,13,4,,1,30,,3034,13,4,,1,70,,3035,13,4,,1,30,,3036,13,4,,1,70,,3037,13,4,,1,30,,3038,13,4,,1,70,,3039,13,4,,1,30,,3040,13,4,,1,70,,3041,13,4,,1,30,,3042,13,4,,1,70,,3043,13,4,,1,30,,3044,13,4,,1,70,,3045,13,4,,1,30,,3046,13,4,,1,70,,3047,13,4,,1,30,,3048,13,4,,1,70,,3049,13,4,,1
1501,'2',551,,3051,13,4,,1,70,,3052,13,4,,1,30,,3053,13,4,,1,70,,3054,13,4,,1,30,,3055,13,4,,1,70,,3056,13,4,,1,30,,3057,13,4,,1,70,,3058,13,4,,1,30,,3059,13,4,,1,70,,3060,13,4,,1,30,,3061,13,4,,1,70,,3062,13,4,,1,30,,3063,13,4,,1,70,,3064,13,4,,1,30,,3065,13,4,,1,70,,3066,13,4,,1,30,,3067,13,4,,1,70,,3068,13,4,,1,30,,3069,13,4,,1,70,,3070,13,4,,1,30,,3071,13,4,,1,70,,3072,13,4,,1,30,,3073,13,4,,1,70,,3074,13,4,,1,30,,3075,13,4,,1,70,,3076,13,4,,1,30,,3077,13,4,,1,70,,3078,13,4,,1,30,,3079,13,4,,1,70,,3080,13,4,,1,30,,3081,13,4,,1,70,,3082,13,4,,1,30,,3083,13,4,,1,70,,3084,13,4,,1,30,,3085,13,4,,1,70,,3086,13,4,,1,30,,3087,13,4,,1,70,,3088,13,4,,1
1501,'3',921,,3090,13,4,,1,30,,3091,13,4,,1,70,,3092,13,4,,1,30,,3093,13,4,,1,70,,3094,13,4,,1,30,,3095,13,4,,1,70,,3096,13,4,,1,30,,3097,13,4,,1,70,,3098,13,4,,1,30,,3099,13,4,,1,70,,3100,13,4,,1,30,,3101,13,4,,1,70,,3102,13,4,,1,30,,3103,13,4,,1,70,,3104,13,4,,1,30,,3105,13,4,,1,70,,3106,13,4,,1,30,,3107,13,4,,1,70,,3108,13,4,,1,30,,3109,13,4,,1
1000701,'14802',2529,,4788,10,0,17 18,0,20,,4789,10,0,17 18,0,60,,4790,10,0,17 18,0,20,,4791,10,0,17 18,0,20,,4792,10,0,17 18,0
1000701,'7901',2549,,4793,10,0,17 18,0,80,,4794,10,0,17 18,0
1000701,'8001',2529,,4795,10,0,17 18,0,80,,4796,10,0,17 18,0,40,,4797,10,0,17 18,0
1000800,'3403',1815,,4798,1,,,1,35,,4799,1,,,1,75,,4800,1,,,1,75,,4801,1,,,1,35,,4802,1,,,1,75,,4803,1,,,1,35,,4804,1,,,1,75,,4805,1,,,1,35,,4806,1,,,1,75,,4807,1,,,1,75,,4808,1,,,1,35,,4809,1,,,1
