400,'1',555,,636,17,4,,1,70,,635,17,4,,1,30,,634,17,4,,1,70,,633,17,4,,1,30,,632,17,4,,1,70,,631,17,4,,1,30,,630,17,4,,1,70,,629,17,4,,1,30,,628,17,4,,1,70,,627,17,4,,1,30,,626,17,4,,1,70,,625,17,4,,1,30,,624,17,4,,1,70,,623,17,4,,1,30,,622,17,4,,1,70,,621,17,4,,1,30,,620,17,4,,1,70,,619,17,4,,1,30,,618,17,4,,1,70,,617,17,4,,1,30,,616,17,4,,1,70,,615,17,4,,1,30,,614,17,4,,1,70,,613,17,4,,1,30,,612,17,4,,1,70,,611,17,4,,1,30,,610,17,4,,1,70,,609,17,4,,1,30,,608,17,4,,1,70,,607,17,4,,1,30,,606,17,4,,1,70,,605,17,4,,1,30,,604,17,4,,1,70,,603,17,4,,1,30,,602,17,4,,1,70,,601,17,4,,1,30,,600,17,4,,1,70,,599,17,4,,1
400,'2',555,,674,17,4,,1,70,,673,17,4,,1,30,,672,17,4,,1,70,,671,17,4,,1,30,,670,17,4,,1,70,,669,17,4,,1,30,,668,17,4,,1,70,,667,17,4,,1,30,,666,17,4,,1,70,,665,17,4,,1,30,,664,17,4,,1,70,,663,17,4,,1,30,,662,17,4,,1,70,,661,17,4,,1,30,,660,17,4,,1,70,,659,17,4,,1,30,,658,17,4,,1,70,,657,17,4,,1,30,,656,17,4,,1,70,,655,17,4,,1,30,,654,17,4,,1,70,,653,17,4,,1,30,,652,17,4,,1,70,,651,17,4,,1,30,,650,17,4,,1,70,,649,17,4,,1,30,,648,17,4,,1,70,,647,17,4,,1,30,,646,17,4,,1,70,,645,17,4,,1,30,,644,17,4,,1,70,,643,17,4,,1,30,,642,17,4,,1,70,,641,17,4,,1,30,,640,17,4,,1,70,,639,17,4,,1,30,,638,17,4,,1,70,,637,17,4,,1
400,'3',925,,675,17,4,,1,30,,676,17,4,,1,70,,677,17,4,,1,30,,678,17,4,,1,70,,679,17,4,,1,30,,680,17,4,,1,70,,681,17,4,,1,30,,682,17,4,,1,70,,683,17,4,,1,30,,684,17,4,,1,70,,685,17,4,,1,30,,686,17,4,,1,70,,687,17,4,,1,30,,688,17,4,,1,70,,689,17,4,,1,30,,690,17,4,,1,70,,691,17,4,,1,30,,692,17,4,,1,70,,693,17,4,,1,30,,694,17,4,,1
401,'1',559,,695,1,0,35,0,70,,696,1,0,35,0,30,,697,1,0,35,0,70,,698,1,0,35,0,30,,699,1,0,35,0,70,,700,1,0,35,0,30,,701,1,0,35,0,70,,702,1,0,35,0,30,,703,1,0,35,0,70,,704,1,0,35,0,30,,705,1,0,35,0,70,,706,1,0,35,0,30,,707,1,0,35,0,70,,708,1,0,35,0,30,,709,1,0,35,0,70,,710,1,0,35,0,30,,711,1,0,35,0,70,,712,1,0,35,0,30,,713,1,0,35,0,70,,714,1,0,35,0,30,,715,1,0,35,0,70,,716,1,0,35,0,30,,717,1,0,35,0,70,,718,1,0,35,0,30,,719,1,0,35,0,70,,720,1,0,35,0,30,,721,1,0,35,0,70,,722,1,0,35,0,30,,723,1,0,35,0,70,,724,1,0,35,0,30,,725,1,0,35,0,70,,726,1,0,35,0,30,,727,1,0,35,0,70,,728,1,0,35,0,30,,729,1,0,35,0,70,,730,1,0,35,0,30,,731,1,0,35,0,70,,732,1,0,35,0
401,'2',559,,733,1,0,35,0,70,,734,1,0,35,0,30,,735,1,0,35,0,70,,736,1,0,35,0,30,,737,1,0,35,0,70,,738,1,0,35,0,30,,739,1,0,35,0,70,,740,1,0,35,0,30,,741,1,0,35,0,70,,742,1,0,35,0,30,,743,1,0,35,0,70,,744,1,0,35,0,30,,745,1,0,35,0,70,,746,1,0,35,0,30,,747,1,0,35,0,70,,748,1,0,35,0,30,,749,1,0,35,0,70,,750,1,0,35,0,30,,751,1,0,35,0,70,,752,1,0,35,0,30,,753,1,0,35,0,70,,754,1,0,35,0,30,,755,1,0,35,0,70,,756,1,0,35,0,30,,757,1,0,35,0,70,,758,1,0,35,0,30,,759,1,0,35,0,70,,760,1,0,35,0,30,,761,1,0,35,0,70,,762,1,0,35,0,30,,763,1,0,35,0,70,,764,1,0,35,0,30,,765,1,0,35,0,70,,766,1,0,35,0,30,,767,1,0,35,0,70,,768,1,0,35,0,30,,769,1,0,35,0,70,,770,1,0,35,0
401,'3',929,,771,1,0,35,0,30,,772,1,0,35,0,70,,773,1,0,35,0,30,,774,1,0,35,0,70,,775,1,0,35,0,30,,776,1,0,35,0,70,,777,1,0,35,0,30,,778,1,0,35,0,70,,779,1,0,35,0,30,,780,1,0,35,0,70,,781,1,0,35,0,30,,782,1,0,35,0,70,,783,1,0,35,0,30,,784,1,0,35,0,70,,785,1,0,35,0,30,,786,1,0,35,0,70,,787,1,0,35,0,30,,788,1,0,35,0,70,,789,1,0,35,0,30,,790,1,0,35,0
1001000,'1',1440,,4830,1,4,,0,60,,4831,1,4,,0
1001000,'2',1500,,4832,1,4,,1
1001001,'1',1500,,4833,1,4,,0,25,,4834,1,4,,0
1001001,'2',1525,,4835,1,4,,1
1001100,'1',1445,,4838,1,4,,1,10,,4837,1,4,,1,50,,4839,1,4,,1,30,,4836,1,4,,1
1001100,'12701',1355,,4840,1,4,,1
1001100,'2',1445,,4842,1,4,,1,55,,4841,1,4,,1
1001101,'1',1510,,4845,1,4,,1,10,,4844,1,4,,1,10,,4846,1,4,,1,70,,4843,1,4,,1
1001101,'12701',1440,,4848,1,4,,1
1001101,'2',1510,,4850,1,4,,1,15,,4849,1,4,,1
