201,'1',553,,289,0,23 24,0,70,,290,0,23 24,0,30,,291,0,23 24,0,70,,292,0,23 24,0,30,,293,0,23 24,0,70,,294,0,23 24,0,30,,295,0,23 24,0,70,,296,0,23 24,0,30,,297,0,23 24,0,70,,298,0,23 24,0,30,,299,0,23 24,0,70,,300,0,23 24,0,30,,301,0,23 24,0,70,,302,0,23 24,0,30,,303,0,23 24,0,70,,304,0,23 24,0,30,,305,0,23 24,0,70,,306,0,23 24,0,30,,307,0,23 24,0,70,,308,0,23 24,0,30,,309,0,23 24,0,70,,310,0,23 24,0,30,,311,0,23 24,0,70,,312,0,23 24,0,30,,313,0,23 24,0,70,,314,0,23 24,0,30,,315,0,23 24,0,70,,316,0,23 24,0,30,,317,0,23 24,0,70,,318,0,23 24,0,30,,319,0,23 24,0,70,,320,0,23 24,0,30,,321,0,23 24,0,70,,322,0,23 24,0,30,,323,0,23 24,0,70,,324,0,23 24,0,30,,325,0,23 24,0,70,,326,0,23 24,0
201,'2',553,,327,0,23 24,0,70,,328,0,23 24,0,30,,329,0,23 24,0,70,,330,0,23 24,0,30,,331,0,23 24,0,70,,332,0,23 24,0,30,,333,0,23 24,0,70,,334,0,23 24,0,30,,335,0,23 24,0,70,,336,0,23 24,0,30,,337,0,23 24,0,70,,338,0,23 24,0,30,,339,0,23 24,0,70,,340,0,23 24,0,30,,341,0,23 24,0,70,,342,0,23 24,0,30,,343,0,23 24,0,70,,344,0,23 24,0,30,,345,0,23 24,0,70,,346,0,23 24,0,30,,347,0,23 24,0,70,,348,0,23 24,0,30,,349,0,23 24,0,70,,350,0,23 24,0,30,,351,0,23 24,0,70,,352,0,23 24,0,30,,353,0,23 24,0,70,,354,0,23 24,0,30,,355,0,23 24,0,70,,356,0,23 24,0,30,,357,0,23 24,0,70,,358,0,23 24,0,30,,359,0,23 24,0,70,,360,0,23 24,0,30,,361,0,23 24,0,70,,362,0,23 24,0,30,,363,0,23 24,0,70,,364,0,23 24,0
201,'3',923,,365,0,23 24,0,30,,366,0,23 24,0,70,,367,0,23 24,0,30,,368,0,23 24,0,70,,369,0,23 24,0,30,,370,0,23 24,0,70,,371,0,23 24,0,30,,372,0,23 24,0,70,,373,0,23 24,0,30,,374,0,23 24,0,70,,375,0,23 24,0,30,,376,0,23 24,0,70,,377,0,23 24,0,30,,378,0,23 24,0,70,,379,0,23 24,0,30,,380,0,23 24,0,70,,381,0,23 24,0,30,,382,0,23 24,0,70,,383,0,23 24,0,30,,384,0,23 24,0
9900,'1',555,,4153,,,1,50,,4154,,,1,10,,4155,,,1,10,,4156,,,1,10,,4157,,,1,10,,4158,,,1,10,,4159,,,1,50,,4160,,,1,10,,4161,,,1,10,,4162,,,1,10,,4163,,,1,10,,4164,,,1,5,,4148,,,1,5,,4165,,,1,50,,4166,,,1,10,,4167,,,1,5,,4147,,,1,5,,4168,,,1,10,,4169,,,1,10,,4170,,,1,5,,4146,,,1,5,,4171,,,1,50,,4172,,,1,10,,4173,,,1,5,,4145,,,1,5,,4174,,,1,10,,4175,,,1,10,,4176,,,1,5,,4144,,,1,5,,4177,,,1,50,,4178,,,1,10,,4179,,,1,5,,4143,,,1,5,,4180,,,1,10,,4181,,,1,10,,4182,,,1,5,,4142,,,1,5,,4183,,,1,4,,4260,,,1,46,,4184,,,1,10,,4185,,,1,10,,4186,,,1,4,,4261,,,1,6,,4187,,,1,10,,4188,,,1,10,,4189,,,1,4,,4262,,,1,46,,4190,,,1,10,,4191,,,1,10,,4192,,,1,4,,4263,,,1,6,,4193,,,1,10,,4194,,,1,10,,4195,,,1,4,,4264,,,1,46,,4196,,,1,10,,4197,,,1,10,,4198,,,1,4,,4265,,,1,6,,4199,,,1,10,,4200,,,1,10,,4201,,,1,4,,4266,,,1,46,,4202,,,1,10,,4203,,,1,10,,4204,,,1,4,,4267,,,1,6,,4205,,,1,10,,4206,,,1,5,,4141,,,1,5,,4207,,,1,4,,4268,,,1,46,,4208,,,1,10,,4209,,,1,5,,4140,,,1,5,,4210,,,1,4,,4269,,,1,6,,4211,,,1,10,,4212,,,1,5,,4139,,,1,5,,4213,,,1,4,,4270,,,1,46,,4214,,,1,10,,4215,,,1,5,,4138,,,1,5,,4216,,,1,4,,4271,,,1,6,,4217,,,1,10,,4218,,,1,5,,4137,,,1,5,,4219,,,1,4,,4272,,,1,46,,4220,,,1,10,,4221,,,1,5,,4136,,,1,5,,4222,,,1,4,,4273,,,1,6,,4223,,,1,10,,4224,,,1,5,,4135,,,1,5,,4225,,,1,50,,4226,,,1,10,,4227,,,1,5,,4134,,,1,5,,4228,,,1,10,,4229,,,1,10,,4230,,,1,10,,4231,,,1,50,,4232,,,1,10,,4233,,,1,10,,4234,,,1,10,,4235,,,1,10,,4236,,,1,10,,4237,,,1,50,,4238,,,1,10,,4239,,,1,10,,4240,,,1,10,,4241,,,1,10,,4242,,,1,10,,4243,,,1,50,,4244,,,1,10,,4245,,,1,10,,4149,,,1,15,,4246,,,1,15,,4247,,,1,55,,4248,,,1,15,,4249,,,1,15,,4250,,,1,15,,4251,,,1,55,,4252,,,1,15,,4253,,,1,15,,4254,,,1,15,,4255,,,1,55,,4256,,,1,15,,4258,,,1,15,,4257,,,1,15,,4133,,,1
9900,'2',555,,4350,,,1,55,,4347,,,1,15,,4348,,,1,15,,4345,,,1,15,,4346,,,1,55,,4343,,,1,15,,4344,,,1,15,,4341,,,1,15,,4342,,,1,55,,4339,,,1,15,,4340,,,1,15,,4337,,,1,15,,4338,,,1,55,,4335,,,1,15,,4336,,,1,15,,4333,,,1,15,,4334,,,1,55,,4331,,,1,15,,4332,,,1,15,,4329,,,1,15,,4330,,,1,55,,4327,,,1,15,,4328,,,1,15,,4325,,,1,15,,4326,,,1,55,,4323,,,1,15,,4324,,,1,15,,4321,,,1,15,,4322,,,1,55,,4319,,,1,15,,4320,,,1,15,,4317,,,1,15,,4318,,,1,55,,4316,,,1,15,,4314,,,1,15,,4313,,,1,15,,4315,,,1,55,,4311,,,1,15,,4312,,,1,15,,4309,,,1,15,,4310,,,1,55,,4307,,,1,15,,4308,,,1,15,,4305,,,1,15,,4306,,,1,55,,4303,,,1,15,,4304,,,1,15,,4301,,,1,15,,4302,,,1,55,,4299,,,1,15,,4300,,,1,15,,4297,,,1,15,,4298,,,1,55,,4296,,,1,15,,4294,,,1,15,,4293,,,1,15,,4295,,,1,55,,4291,,,1,15,,4292,,,1,15,,4289,,,1,15,,4290,,,1,55,,4287,,,1,15,,4288,,,1,15,,4285,,,1,15,,4286,,,1,55,,4284,,,1,15,,4283,,,1,15,,4281,,,1,15,,4282,,,1,55,,4279,,,1,15,,4280,,,1,15,,4278,,,1,15,,4275,,,1,55,,4277,,,1,15,,4276,,,1,15,,4274,,,1
9900,'3',725,,4354,,,1,15,,4355,,,1,15,,4356,,,1,55,,4357,,,1,15,,4358,,,1,15,,4359,,,1,15,,4360,,,1,55,,4361,,,1,15,,4362,,,1,15,,4363,,,1,15,,4364,,,1,55,,4365,,,1,15,,4366,,,1,15,,4367,,,1,15,,4368,,,1,55,,4369,,,1,15,,4370,,,1,15,,4371,,,1,15,,4372,,,1,55,,4373,,,1,15,,4374,,,1,15,,4375,,,1,15,,4376,,,1,55,,4377,,,1,15,,4378,,,1,15,,4379,,,1,15,,4380,,,1,55,,4381,,,1,15,,4382,,,1,15,,4383,,,1,15,,4384,,,1,55,,4385,,,1,15,,4386,,,1,15,,4387,,,1,15,,4388,,,1,55,,4389,,,1,15,,4390,,,1,15,,4391,,,1,15,,4392,,,1,55,,4393,,,1,15,,4394,,,1,15,,4395,,,1,15,,4396,,,1,55,,4397,,,1,15,,4398,,,1,15,,4399,,,1,15,,4400,,,1,55,,4401,,,1,15,,4402,,,1,15,,4403,,,1,15,,4404,,,1,55,,4405,,,1,15,,4406,,,1,15,,4407,,,1,15,,4408,,,1,55,,4409,,,1,15,,4410,,,1,15,,4411,,,1,15,,4412,,,1,55,,4413,,,1
9900,'7',925,,4434,,,1,30,,4433,,,1,70,,4432,,,1,30,,4431,,,1,70,,4430,,,1,30,,4429,,,1,70,,4428,,,1,30,,4427,,,1,70,,4426,,,1,30,,4425,,,1,70,,4424,,,1,30,,4423,,,1,70,,4422,,,1,30,,4421,,,1,70,,4420,,,1,30,,4419,,,1,70,,4418,,,1,30,,4417,,,1,70,,4416,,,1,30,,4415,,,1
1000701,'14802',2527,,4788,0,17 18,0,20,,4789,0,17 18,0,60,,4790,0,17 18,0,20,,4791,0,17 18,0,20,,4792,0,17 18,0
1000701,'7901',2547,,4793,0,17 18,0,80,,4794,0,17 18,0
1000701,'8001',2527,,4795,0,17 18,0,80,,4796,0,17 18,0,40,,4797,0,17 18,0
1000800,'3403',1844,,4798,,,1,75,,4799,,,1,35,,4800,,,1,75,,4801,,,1,75,,4802,,,1,35,,4803,,,1,75,,4804,,,1,35,,4805,,,1,75,,4806,,,1,35,,4807,,,1,75,,4808,,,1,75,,4809,,,1
1119800,'14802',2547,,4851,,,1,70,,4852,,,1
1119800,'8001',2547,,4854,,,1,70,,4853,,,1
21005201,'12701',725,,5007,0,14 30,0,20,,5008,0,14 30,0,60,,5009,0,14 30,0,20,,5010,0,14 30,0,20,,5011,0,14 30,0,60,,5012,0,14 30,0,20,,5013,0,14 30,0,20,,5014,0,14 30,0,60,,5015,0,14 30,0,20,,5016,0,14 30,0,20,,5017,0,14 30,0,60,,5018,0,14 30,0,20,,5019,0,14 30,0,20,,5020,0,14 30,0,60,,5021,0,14 30,0,20,,5022,0,14 30,0,20,,5023,0,14 30,0,60,,5024,0,14 30,0,20,,5025,0,14 30,0,20,,5026,0,14 30,0,60,,5027,0,14 30,0,20,,5028,0,14 30,0,20,,5029,0,14 30,0,60,,5030,0,14 30,0,20,,5031,0,14 30,0,20,,5032,0,14 30,0,60,,5033,0,14 30,0,20,,5034,0,14 30,0,20,,5035,0,14 30,0,60,,5036,0,14 30,0,20,,5037,0,14 30,0,20,,5038,0,14 30,0
21005801,'12701',734,,5160,0,14 24,0,20,,5161,0,14 24,0,60,,5162,0,14 24,0,20,,5163,0,14 24,0,20,,5164,0,14 24,0,60,,5165,0,14 24,0,20,,5166,0,14 24,0,20,,5167,0,14 24,0,60,,5168,0,14 24,0,20,,5169,0,14 24,0,20,,5170,0,14 24,0,60,,5171,0,14 24,0,20,,5172,0,14 24,0,20,,5173,0,14 24,0,60,,5174,0,14 24,0,20,,5175,0,14 24,0,20,,5176,0,14 24,0,60,,5177,0,14 24,0,20,,5178,0,14 24,0,20,,5179,0,14 24,0,60,,5180,0,14 24,0,20,,5181,0,14 24,0,20,,5182,0,14 24,0,60,,5183,0,14 24,0,20,,5184,0,14 24,0,20,,5185,0,14 24,0,60,,5186,0,14 24,0,20,,5187,0,14 24,0,20,,5188,0,14 24,0,60,,5189,0,14 24,0,20,,5190,0,14 24,0,20,,5191,0,14 24,0,59,,5192,0,14 24,0,20,,5193,0,14 24,0,20,,5194,0,14 24,0,60,,5195,0,14 24,0,20,,5196,0,14 24,0,20,,5197,0,14 24,0,60,,5198,0,14 24,0,20,,5199,0,14 24,0,20,,5200,0,14 24,0,60,,5201,0,14 24,0
