100,'1',600,,5202,1,0,24 23,1,30,,5203,1,0,24 23,1,70,,5204,1,0,24 23,1,30,,5205,1,0,24 23,1,70,,5206,1,0,24 23,1,30,,5207,1,0,24 23,1,70,,5208,1,0,24 23,1,30,,5209,1,0,24 23,1,70,,5210,1,0,24 23,1,30,,5211,1,0,24 23,1,70,,5212,1,0,24 23,1,30,,5213,1,0,24 23,1,70,,5214,1,0,24 23,1,30,,5215,1,0,24 23,1,70,,5216,1,0,24 23,1,30,,5217,1,0,24 23,1,70,,5218,1,0,24 23,1,30,,5219,1,0,24 23,1,70,,5220,1,0,24 23,1,30,,5221,1,0,24 23,1,70,,5222,1,0,24 23,1,30,,5223,1,0,24 23,1,70,,5224,1,0,24 23,1,30,,5225,1,0,24 23,1,70,,5226,1,0,24 23,1,30,,5227,1,0,24 23,1,70,,5228,1,0,24 23,1,30,,5229,1,0,24 23,1,70,,5230,1,0,24 23,1,30,,5231,1,0,24 23,1,70,,5232,1,0,24 23,1,30,,5233,1,0,24 23,1,70,,5234,1,0,24 23,1,30,,5235,1,0,24 23,1,70,,5236,1,0,24 23,1,30,,5237,1,0,24 23,1,70,,5238,1,0,24 23,1,30,,5239,1,0,24 23,1
100,'2',600,,5240,1,0,24 23,1,30,,5241,1,0,24 23,1,70,,5242,1,0,24 23,1,30,,5243,1,0,24 23,1,70,,5244,1,0,24 23,1,30,,5245,1,0,24 23,1,70,,5246,1,0,24 23,1,30,,5247,1,0,24 23,1,70,,5248,1,0,24 23,1,30,,5249,1,0,24 23,1,70,,5250,1,0,24 23,1,30,,5251,1,0,24 23,1,70,,5252,1,0,24 23,1,30,,5253,1,0,24 23,1,70,,5254,1,0,24 23,1,30,,5255,1,0,24 23,1,70,,5256,1,0,24 23,1,30,,5257,1,0,24 23,1,70,,5258,1,0,24 23,1,30,,5259,1,0,24 23,1,70,,5260,1,0,24 23,1,30,,5261,1,0,24 23,1,70,,5262,1,0,24 23,1,30,,5263,1,0,24 23,1,70,,5264,1,0,24 23,1,30,,5265,1,0,24 23,1,70,,5266,1,0,24 23,1,30,,5267,1,0,24 23,1,70,,5268,1,0,24 23,1,30,,5269,1,0,24 23,1,70,,5270,1,0,24 23,1,30,,5271,1,0,24 23,1,70,,5272,1,0,24 23,1,30,,5273,1,0,24 23,1,70,,5274,1,0,24 23,1,30,,5275,1,0,24 23,1,70,,5276,1,0,24 23,1,30,,5277,1,0,24 23,1
100,'3',930,,5278,1,0,24 23,1,70,,5279,1,0,24 23,1,30,,5280,1,0,24 23,1,70,,5281,1,0,24 23,1,30,,5282,1,0,24 23,1,70,,5283,1,0,24 23,1,30,,5284,1,0,24 23,1,70,,5285,1,0,24 23,1,30,,5286,1,0,24 23,1,70,,5287,1,0,24 23,1,30,,5288,1,0,24 23,1,70,,5289,1,0,24 23,1,30,,5290,1,0,24 23,1,70,,5291,1,0,24 23,1,30,,5292,1,0,24 23,1,70,,5293,1,0,24 23,1,30,,5294,1,0,24 23,1,70,,5295,1,0,24 23,1,30,,5296,1,0,24 23,1,70,,5297,1,0,24 23,1
101,'1',554,,5298,12,4,,1,70,,5299,11,4,,1,30,,5300,11,4,,1,70,,5301,11,4,,1,30,,5302,11,4,,1,70,,5303,11,4,,1,30,,5304,11,4,,1,70,,5305,11,4,,1,30,,5306,11,4,,1,70,,5307,11,4,,1,30,,5308,11,4,,1,70,,5309,11,4,,1,30,,5310,11,4,,1,70,,5311,11,4,,1,30,,5312,11,4,,1,70,,5313,11,4,,1,30,,5314,11,4,,1,70,,5315,11,4,,1,30,,5316,11,4,,1,70,,5317,11,4,,1,30,,5318,11,4,,1,70,,5319,11,4,,1,30,,5320,11,4,,1,70,,5321,11,4,,1,30,,5322,11,4,,1,70,,5323,11,4,,1,30,,5324,11,4,,1,70,,5325,11,4,,1,30,,5326,11,4,,1,70,,5327,11,4,,1,30,,5328,11,4,,1,70,,5329,11,4,,1,30,,5330,11,4,,1,70,,5331,11,4,,1,30,,5332,11,4,,1,70,,5333,11,4,,1,30,,5334,11,4,,1,70,,5335,11,4,,1
101,'2',554,,5336,12,4,,1,70,,5337,11,4,,1,30,,5338,11,4,,1,70,,5339,11,4,,1,30,,5340,11,4,,1,70,,5341,11,4,,1,30,,5342,11,4,,1,70,,5343,11,4,,1,30,,5344,11,4,,1,70,,5345,11,4,,1,30,,5346,11,4,,1,70,,5347,11,4,,1,30,,5348,11,4,,1,70,,5349,11,4,,1,30,,5350,11,4,,1,70,,5351,11,4,,1,30,,5352,11,4,,1,70,,5353,11,4,,1,30,,5354,11,4,,1,70,,5355,11,4,,1,30,,5356,11,4,,1,70,,5357,11,4,,1,30,,5358,11,4,,1,70,,5359,11,4,,1,30,,5360,11,4,,1,70,,5361,11,4,,1,30,,5362,11,4,,1,70,,5363,11,4,,1,30,,5364,11,4,,1,70,,5365,11,4,,1,30,,5366,11,4,,1,70,,5367,11,4,,1,30,,5368,11,4,,1,70,,5369,11,4,,1,30,,5370,11,4,,1,70,,5371,11,4,,1,30,,5372,11,4,,1,70,,5373,11,4,,1
101,'3',924,,5374,12,4,,1,30,,5375,11,4,,1,70,,5376,11,4,,1,30,,5377,11,4,,1,70,,5378,11,4,,1,30,,5379,11,4,,1,70,,5380,11,4,,1,30,,5381,11,4,,1,70,,5382,11,4,,1,30,,5383,11,4,,1,70,,5384,11,4,,1,30,,5385,11,4,,1,70,,5386,11,4,,1,30,,5387,11,4,,1,70,,5388,11,4,,1,30,,5389,11,4,,1,70,,5390,11,4,,1,30,,5391,11,4,,1,70,,5392,11,4,,1,30,,5393,11,4,,1
1000600,'14802',2510,,10098,1,0,24 29,1,20,,10099,1,0,24 29,1,20,,10100,1,0,24 29,1,60,,10101,1,0,24 29,1,20,,10102,1,0,24 29,1
1000600,'7901',2530,,10103,1,0,24 29,1,80,,10104,1,0,24 29,1
1000600,'8001',2510,,10105,1,0,24 29,1,40,,10106,1,0,24 29,1,80,,10107,1,0,24 29,1
1000601,'14802',2545,,10108,10,4,,1,60,,10109,10,4,,1,20,,10110,10,4,,1,20,,10111,10,4,,1,60,,10112,10,4,,1
1000601,'7901',2605,,10113,10,4,,1,40,,10114,10,4,,1
1000601,'8001',2545,,10115,10,4,,1,80,,10116,10,4,,1,80,,10117,10,4,,1
