'1',801,55940,0,'Janefield',0,7000,0,'Janefield',0,3000,0,'Janefield',0,7210,0,'Janefield',0,2000,0,'Janefield',0,6000,0,'Janefield',0,2000,0,'Janefield',0,2000,0,'Janefield',0,6000,0,'Janefield',0,2000,0,'Janefield',0,2000,0,'Janefield',0,6000,0,'Janefield',0,2000,0,'Janefield',0,2000,0,'Janefield',0,6000,0,'Janefield',0,2000,0,'Janefield',0,2000,0,'Janefield',0,6000,0,'Janefield',0,2000,0,'Janefield',0,2000,0,'Janefield',0,6000,0,'Janefield',0,2000,0,'Janefield',0,2000,0,'Janefield',0,6000,0,'Janefield',0,2000,0,'Janefield',0,2000,0,'Janefield',0,6000,0,'Janefield',0,2000,0,'Janefield',0,2000,0,'Janefield',0,6000,0,'Janefield',0,2000,0,'Janefield',0,2000,0,'Janefield',0,6000,0,'Janefield',0,2000,0,'Janefield',0,2000,0,'Janefield',0,6000,0,'Janefield',0,1790,0,'Janefield',0,3000,0,'Janefield',0,7000,0,'Janefield',0,3000,0,'Janefield',0,7000,0,'Janefield',0,3000,0,'Janefield',0,7000,0,'Janefield',0,3000,0,'Janefield',0,7000,0,'Janefield',0,3000,0,'Janefield',0,7000,0,'Janefield',0,3000,0,'Janefield',0,7000,0,'Janefield',0
'2',801,55840,0,'Janefield',0,7000,0,'Janefield',0,3000,0,'Janefield',0,7000,0,'Janefield',0,3000,0,'Janefield',0,7000,0,'Janefield',0,3000,0,'Janefield',0,7000,0,'Janefield',0,3000,0,'Janefield',0,7000,0,'Janefield',0,3000,0,'Janefield',0,7000,0,'Janefield',0,3000,0,'Janefield',0,7000,0,'Janefield',0,3000,0,'Janefield',0,7000,0,'Janefield',0,3000,0,'Janefield',0,7000,0,'Janefield',0,3000,0,'Janefield',0,7000,0,'Janefield',0,3000,0,'Janefield',0,7000,0,'Janefield',0,3000,0,'Janefield',0,7000,0,'Janefield',0,3000,0,'Janefield',0,7000,0,'Janefield',0,3000,0,'Janefield',0,7000,0,'Janefield',0,3000,0,'Janefield',0,7000,0,'Janefield',0,3000,0,'Janefield',0,7000,0,'Janefield',0,3000,0,'Janefield',0,7000,0,'Janefield',0,3000,0,'Janefield',0,7000,0,'Janefield',0,3000,0,'Janefield',0,7000,0,'Janefield',0
'3',801,92840,0,'Janefield',0,3000,0,'Janefield',0,7000,0,'Janefield',0,3000,0,'Janefield',0,7000,0,'Janefield',0,3000,0,'Janefield',0,7000,0,'Janefield',0,3000,0,'Janefield',0,7000,0,'Janefield',0,3000,0,'Janefield',0,7000,0,'Janefield',0,3000,0,'Janefield',0,7000,0,'Janefield',0,3000,0,'Janefield',0,7000,0,'Janefield',0,3000,0,'Janefield',0,7000,0,'Janefield',0,3000,0,'Janefield',0,7000,0,'Janefield',0,3000,0,'Janefield',0
'1',1700,55640,,'',1,7000,,'',1,3000,,'',1,6500,,'',1,500,,'',1,3000,,'',1,7000,,'',1,3000,,'',1,7000,,'',1,3000,,'',1,7000,,'',1,3000,,'',1,7200,,'',1,3000,,'',1,7000,,'',1,3000,,'',1,7000,,'',1,3100,,'',1,7000,,'',1,3000,,'',1,7000,,'',1,2800,,'',1,7000,,'',1,3000,,'',1,7000,,'',1,3000,,'',1,7000,,'',1,2900,,'',1,7000,,'',1,3000,,'',1,7000,,'',1,3000,,'',1,7000,,'',1,3000,,'',1,7000,,'',1,3000,,'',1,7000,,'',1,3000,,'',1,7000,,'',1
'2',1700,55640,,'',1,7000,,'',1,3000,,'',1,7200,,'',1,3000,,'',1,7000,,'',1,3000,,'',1,7000,,'',1,3000,,'',1,7010,,'',1,3000,,'',1,7000,,'',1,3000,,'',1,7000,,'',1,3000,,'',1,7000,,'',1,3100,,'',1,7000,,'',1,3000,,'',1,7000,,'',1,3000,,'',1,7000,,'',1,7100,,'',1,3000,,'',1,7000,,'',1,3000,,'',1,2890,,'',1,7000,,'',1,3000,,'',1,7000,,'',1,3000,,'',1,7000,,'',1,3000,,'',1,7000,,'',1,2700,,'',1,7000,,'',1,3000,,'',1,7000,,'',1
'3',1700,95730,,'',1,7000,,'',1,3000,,'',1,7000,,'',1,3000,,'',1,7100,,'',1,3000,,'',1,7000,,'',1,3000,,'',1,7000,,'',1,3000,,'',1,7000,,'',1,3000,,'',1,6900,,'',1,3000,,'',1,7000,,'',1,3000,,'',1,7000,,'',1,3000,,'',1
'5',1700,55740,,'',1,7000,,'',1,3000,,'',1,7000,,'',1,3000,,'',1,7000,,'',1,3000,,'',1,7000,,'',1,3000,,'',1,7000,,'',1,3000,,'',1,7000,,'',1,3000,,'',1,7000,,'',1,3000,,'',1,7000,,'',1,3000,,'',1,7000,,'',1,3000,,'',1,7000,,'',1,3000,,'',1,7000,,'',1,3000,,'',1,7000,,'',1,3000,,'',1,7000,,'',1
'14802',1000400,252420,,'',1,2000,,'',1,6000,,'',1,2000,,'',1,2000,,'',1
'7901',1000400,254420,,'',1,8000,,'',1
'8001',1000400,252420,,'',1,8000,,'',1,4000,,'',1
'3403',1000800,185530,,'',1,7500,,'',1,7500,,'',1,3500,,'',1,7500,,'',1,3500,,'',1,7500,,'',1,7500,,'',1,3500,,'',1,7500,,'',1,3500,,'',1,7500,,'',1
