'1',801,60040,0,'Janefield',0,3000,0,'Janefield',0,7000,0,'Janefield',0,3270,0,'Janefield',0,2000,0,'Janefield',0,6000,0,'Janefield',0,2000,0,'Janefield',0,2000,0,'Janefield',0,6000,0,'Janefield',0,2000,0,'Janefield',0,2000,0,'Janefield',0,6000,0,'Janefield',0,2000,0,'Janefield',0,2000,0,'Janefield',0,6000,0,'Janefield',0,2000,0,'Janefield',0,2000,0,'Janefield',0,6000,0,'Janefield',0,2000,0,'Janefield',0,2000,0,'Janefield',0,6000,0,'Janefield',0,2000,0,'Janefield',0,2000,0,'Janefield',0,6000,0,'Janefield',0,2000,0,'Janefield',0,2000,0,'Janefield',0,6000,0,'Janefield',0,2000,0,'Janefield',0,2000,0,'Janefield',0,6000,0,'Janefield',0,2000,0,'Janefield',0,2000,0,'Janefield',0,6000,0,'Janefield',0,2000,0,'Janefield',0,2000,0,'Janefield',0,6000,0,'Janefield',0,1730,0,'Janefield',0,7000,0,'Janefield',0,3000,0,'Janefield',0,7000,0,'Janefield',0,3000,0,'Janefield',0,7000,0,'Janefield',0,3000,0,'Janefield',0,7000,0,'Janefield',0,3000,0,'Janefield',0,7000,0,'Janefield',0,3000,0,'Janefield',0,7000,0,'Janefield',0,3000,0,'Janefield',0
'2',801,55940,0,'Janefield',0,7000,0,'Janefield',0,3000,0,'Janefield',0,7000,0,'Janefield',0,3000,0,'Janefield',0,7000,0,'Janefield',0,3000,0,'Janefield',0,7000,0,'Janefield',0,3000,0,'Janefield',0,7000,0,'Janefield',0,3000,0,'Janefield',0,7000,0,'Janefield',0,3000,0,'Janefield',0,7000,0,'Janefield',0,3000,0,'Janefield',0,7000,0,'Janefield',0,3000,0,'Janefield',0,7000,0,'Janefield',0,3000,0,'Janefield',0,7000,0,'Janefield',0,3000,0,'Janefield',0,7000,0,'Janefield',0,3000,0,'Janefield',0,7000,0,'Janefield',0,3000,0,'Janefield',0,7000,0,'Janefield',0,3000,0,'Janefield',0,7000,0,'Janefield',0,3000,0,'Janefield',0,7000,0,'Janefield',0,3000,0,'Janefield',0,7000,0,'Janefield',0,3000,0,'Janefield',0,7000,0,'Janefield',0,3000,0,'Janefield',0,7000,0,'Janefield',0,3000,0,'Janefield',0,7000,0,'Janefield',0
'3',801,92940,0,'Janefield',0,3000,0,'Janefield',0,7000,0,'Janefield',0,3000,0,'Janefield',0,7000,0,'Janefield',0,3000,0,'Janefield',0,7000,0,'Janefield',0,3000,0,'Janefield',0,7000,0,'Janefield',0,3000,0,'Janefield',0,7000,0,'Janefield',0,3000,0,'Janefield',0,7000,0,'Janefield',0,3000,0,'Janefield',0,7000,0,'Janefield',0,3000,0,'Janefield',0,7000,0,'Janefield',0,3000,0,'Janefield',0,7000,0,'Janefield',0,3000,0,'Janefield',0
'5',801,60040,0,'Janefield',0,3000,0,'Janefield',0,7000,0,'Janefield',0,3270,0,'Janefield',0,2000,0,'Janefield',0,6000,0,'Janefield',0,2000,0,'Janefield',0,2000,0,'Janefield',0,6000,0,'Janefield',0,2000,0,'Janefield',0,2000,0,'Janefield',0,6000,0,'Janefield',0,2000,0,'Janefield',0,2000,0,'Janefield',0,6000,0,'Janefield',0,2000,0,'Janefield',0,2000,0,'Janefield',0,6000,0,'Janefield',0,2000,0,'Janefield',0,2000,0,'Janefield',0,6000,0,'Janefield',0,2000,0,'Janefield',0,2000,0,'Janefield',0,6000,0,'Janefield',0,2000,0,'Janefield',0,2000,0,'Janefield',0,6000,0,'Janefield',0,2000,0,'Janefield',0,2000,0,'Janefield',0,6000,0,'Janefield',0,2000,0,'Janefield',0,2000,0,'Janefield',0,6000,0,'Janefield',0,2000,0,'Janefield',0,2000,0,'Janefield',0,6000,0,'Janefield',0,1730,0,'Janefield',0,7000,0,'Janefield',0
'1',1700,55730,,'',1,7000,,'',1,3000,,'',1,6500,,'',1,500,,'',1,3000,,'',1,7000,,'',1,2990,,'',1,7000,,'',1,3000,,'',1,7000,,'',1,3000,,'',1,7220,,'',1,3000,,'',1,7000,,'',1,3000,,'',1,7000,,'',1,7100,,'',1,3000,,'',1,7000,,'',1,3000,,'',1,2790,,'',1,7000,,'',1,3000,,'',1,7000,,'',1,3000,,'',1,7000,,'',1,2900,,'',1,7000,,'',1,3000,,'',1,7000,,'',1,3000,,'',1,7000,,'',1,3000,,'',1,7000,,'',1,2990,,'',1,7000,,'',1,3000,,'',1,7000,,'',1
'2',1700,55720,,'',1,7000,,'',1,3000,,'',1,7210,,'',1,3000,,'',1,7000,,'',1,3000,,'',1,7000,,'',1,3000,,'',1,7010,,'',1,3000,,'',1,7000,,'',1,3000,,'',1,7000,,'',1,3000,,'',1,7000,,'',1,7100,,'',1,3000,,'',1,7000,,'',1,3000,,'',1,7000,,'',1,3000,,'',1,7100,,'',1,3000,,'',1,7000,,'',1,3000,,'',1,6890,,'',1,3000,,'',1,7000,,'',1,3000,,'',1,7000,,'',1,3000,,'',1,7000,,'',1,3000,,'',1,2690,,'',1,7000,,'',1,3000,,'',1,7000,,'',1
'3',1700,95810,,'',1,7000,,'',1,3000,,'',1,7000,,'',1,3000,,'',1,7110,,'',1,3000,,'',1,7000,,'',1,3000,,'',1,7000,,'',1,3000,,'',1,7000,,'',1,3000,,'',1,6900,,'',1,3000,,'',1,7000,,'',1,3000,,'',1,7000,,'',1,3000,,'',1
'5',1700,55820,,'',1,7000,,'',1,3000,,'',1,7000,,'',1,3000,,'',1,7000,,'',1,3000,,'',1,7000,,'',1,3000,,'',1,7000,,'',1,3000,,'',1,7000,,'',1,3000,,'',1,7000,,'',1,3000,,'',1,7000,,'',1,3000,,'',1,7000,,'',1,3000,,'',1,7000,,'',1,3000,,'',1,7000,,'',1,3000,,'',1,7000,,'',1,3000,,'',1,7000,,'',1
'14802',1000400,252520,,'',1,2000,,'',1,6000,,'',1,2000,,'',1,2000,,'',1
'7901',1000400,254520,,'',1,8000,,'',1
'8001',1000400,252520,,'',1,8000,,'',1,4000,,'',1
'3403',1000800,185630,,'',1,7500,,'',1,7500,,'',1,3500,,'',1,7500,,'',1,3500,,'',1,7500,,'',1,7500,,'',1,3500,,'',1,7500,,'',1,3500,,'',1,7500,,'',1
