800,'1',547,,6672,3,0,16,1,70,,6671,3,0,16,1,30,,6670,3,0,16,1,70,,6669,3,0,16,1,20,,6668,3,0,16,1,20,,6667,3,0,16,1,60,,6666,3,0,16,1,20,,6665,3,0,16,1,20,,6664,3,0,16,1,60,,6663,3,0,16,1,20,,6662,3,0,16,1,20,,6661,3,0,16,1,60,,6660,3,0,16,1,20,,6659,3,0,16,1,20,,6658,3,0,16,1,60,,6657,3,0,16,1,20,,6656,3,0,16,1,20,,6655,3,0,16,1,60,,6654,3,0,16,1,20,,6653,3,0,16,1,20,,6652,3,0,16,1,60,,6651,3,0,16,1,20,,6650,3,0,16,1,20,,6649,3,0,16,1,60,,6648,3,0,16,1,20,,6647,3,0,16,1,20,,6646,3,0,16,1,60,,6645,3,0,16,1,20,,6644,3,0,16,1,20,,6643,3,0,16,1,60,,6642,3,0,16,1,20,,6641,3,0,16,1,20,,6640,3,0,16,1,60,,6639,3,0,16,1,20,,6638,3,0,16,1,20,,6637,3,0,16,1,60,,6636,3,0,16,1,30,,6635,3,0,16,1,70,,6634,3,0,16,1,30,,6633,3,0,16,1,70,,6632,3,0,16,1,30,,6631,3,0,16,1,70,,6630,3,0,16,1,30,,6629,3,0,16,1,70,,6628,3,0,16,1,30,,6627,3,0,16,1,70,,6626,3,0,16,1,30,,6625,3,0,16,1,70,,6624,3,0,16,1
800,'2',547,,6673,3,0,16,1,70,,6674,3,0,16,1,30,,6675,3,0,16,1,70,,6676,3,0,16,1,30,,6677,3,0,16,1,70,,6678,3,0,16,1,30,,6679,3,0,16,1,70,,6680,3,0,16,1,30,,6681,3,0,16,1,70,,6682,3,0,16,1,30,,6683,3,0,16,1,70,,6684,3,0,16,1,30,,6685,3,0,16,1,70,,6686,3,0,16,1,30,,6687,3,0,16,1,70,,6688,3,0,16,1,30,,6689,3,0,16,1,70,,6690,3,0,16,1,30,,6691,3,0,16,1,70,,6692,3,0,16,1,30,,6693,3,0,16,1,70,,6694,3,0,16,1,30,,6695,3,0,16,1,70,,6696,3,0,16,1,30,,6697,3,0,16,1,70,,6698,3,0,16,1,30,,6699,3,0,16,1,70,,6700,3,0,16,1,30,,6701,3,0,16,1,70,,6702,3,0,16,1,30,,6703,3,0,16,1,70,,6704,3,0,16,1,30,,6705,3,0,16,1,70,,6706,3,0,16,1,30,,6707,3,0,16,1,70,,6708,3,0,16,1,30,,6709,3,0,16,1,70,,6710,3,0,16,1
800,'3',917,,6711,3,0,16,1,30,,6712,3,0,16,1,70,,6713,3,0,16,1,30,,6714,3,0,16,1,70,,6715,3,0,16,1,30,,6716,3,0,16,1,70,,6717,3,0,16,1,30,,6718,3,0,16,1,70,,6719,3,0,16,1,30,,6720,3,0,16,1,70,,6721,3,0,16,1,30,,6722,3,0,16,1,70,,6723,3,0,16,1,30,,6724,3,0,16,1,70,,6725,3,0,16,1,30,,6726,3,0,16,1,70,,6727,3,0,16,1,30,,6728,3,0,16,1,70,,6729,3,0,16,1,30,,6730,3,0,16,1
1000400,'14802',2508,,10078,2,0,33 9 15,1,13,,10079,3,0,33 9 15,1,20,,10080,3,0,33 9 15,1,60,,10081,3,0,33 9 15,1,20,,10082,3,0,33 9 15,1
1000400,'7901',2521,,10083,3,0,33 9 15,1,80,,10084,3,0,33 9 15,1
1000400,'8001',2508,,10085,2,0,33 9 15,1,33,,10086,3,0,33 9 15,1,80,,10087,3,0,33 9 15,1
1000700,'14802',2521,,10119,3,0,17 18,1,20,,10120,3,0,17 18,1,60,,10121,3,0,17 18,1,20,,10122,3,0,17 18,1
1000700,'7901',2521,,10123,3,0,17 18,1,80,,10124,3,0,17 18,1
1000700,'8001',2541,,10126,3,0,17 18,1,80,,10127,3,0,17 18,1
1001200,'4',921,,10173,2,0,43 39,1,80,,10138,2,0,43 39,1,40,,10174,2,0,43 39,1,80,,10139,2,0,43 39,1,80,,10140,2,0,43 39,1,40,,10141,2,0,43 39,1,80,,10142,2,0,43 39,1,80,,10143,2,0,43 39,1,40,,10144,2,0,43 39,1,60,,10145,2,0,43 39,1,20,,10146,2,0,43 39,1,20,,10147,2,0,43 39,1,60,,10148,2,0,43 39,1,20,,10149,2,0,43 39,1,20,,10150,2,0,43 39,1,60,,10151,2,0,43 39,1,20,,10152,2,0,43 39,1,20,,10153,2,0,43 39,1,60,,10154,2,0,43 39,1,20,,10155,2,0,43 39,1,20,,10156,2,0,43 39,1,60,,10157,2,0,43 39,1,20,,10158,2,0,43 39,1,20,,10159,2,0,43 39,1,60,,10160,2,0,43 39,1,20,,10161,2,0,43 39,1,20,,10162,2,0,43 39,1,60,,10163,2,0,43 39,1,20,,10164,2,0,43 39,1,20,,10165,2,0,43 39,1,60,,10166,2,0,43 39,1,20,,10167,2,0,43 39,1,20,,10168,2,0,43 39,1,60,,10169,2,0,43 39,1,20,,10170,2,0,43 39,1,20,,10171,2,0,43 39,1,60,,10172,2,0,43 39,1
