1500,'1',602,,2916,3,0,23,1,30,,2917,3,0,23,1,70,,2918,3,0,23,1,30,,2919,3,0,23,1,70,,2920,3,0,23,1,30,,2921,3,0,23,1,70,,2922,3,0,23,1,30,,2923,3,0,23,1,70,,2924,3,0,23,1,30,,2925,3,0,23,1,70,,2926,3,0,23,1,30,,2927,3,0,23,1,70,,2928,3,0,23,1,30,,2929,3,0,23,1,70,,2930,3,0,23,1,30,,2931,3,0,23,1,70,,2932,3,0,23,1,30,,2933,3,0,23,1,70,,2934,3,0,23,1,30,,2935,3,0,23,1,70,,2936,3,0,23,1,30,,2937,3,0,23,1,70,,2938,3,0,23,1,30,,2939,3,0,23,1,70,,2940,3,0,23,1,30,,2941,3,0,23,1,70,,2942,3,0,23,1,30,,2943,3,0,23,1,70,,2944,3,0,23,1,30,,2945,3,0,23,1,70,,2946,3,0,23,1,30,,2947,3,0,23,1,70,,2948,3,0,23,1,30,,2949,3,0,23,1,70,,2950,3,0,23,1,30,,2951,3,0,23,1,70,,2952,3,0,23,1,30,,2953,3,0,23,1
1500,'2',602,,2954,3,0,23,1,30,,2955,3,0,23,1,70,,2956,3,0,23,1,30,,2957,3,0,23,1,70,,2958,3,0,23,1,30,,2959,3,0,23,1,70,,2960,3,0,23,1,30,,2961,3,0,23,1,70,,2962,3,0,23,1,30,,2963,3,0,23,1,70,,2964,3,0,23,1,30,,2965,3,0,23,1,70,,2966,3,0,23,1,30,,2967,3,0,23,1,70,,2968,3,0,23,1,30,,2969,3,0,23,1,70,,2970,3,0,23,1,30,,2971,3,0,23,1,70,,2972,3,0,23,1,30,,2973,3,0,23,1,70,,2974,3,0,23,1,30,,2975,3,0,23,1,70,,2976,3,0,23,1,30,,2977,3,0,23,1,70,,2978,3,0,23,1,30,,2979,3,0,23,1,70,,2980,3,0,23,1,30,,2981,3,0,23,1,70,,2982,3,0,23,1,30,,2983,3,0,23,1,70,,2984,3,0,23,1,30,,2985,3,0,23,1,70,,2986,3,0,23,1,30,,2987,3,0,23,1,70,,2988,3,0,23,1,30,,2989,3,0,23,1,70,,2990,3,0,23,1,30,,2991,3,0,23,1
1500,'3',932,,2992,3,0,23,1,70,,2993,3,0,23,1,30,,2994,3,0,23,1,70,,2995,3,0,23,1,30,,2996,3,0,23,1,70,,2997,3,0,23,1,30,,2998,3,0,23,1,70,,2999,3,0,23,1,30,,3000,3,0,23,1,70,,3001,3,0,23,1,30,,3002,3,0,23,1,70,,3003,3,0,23,1,30,,3004,3,0,23,1,70,,3005,3,0,23,1,30,,3006,3,0,23,1,70,,3007,3,0,23,1,30,,3008,3,0,23,1,70,,3009,3,0,23,1,30,,3010,3,0,23,1,70,,3011,3,0,23,1
1700,'1',553,,3306,3,0,25 26,1,70,,3307,3,0,25 26,1,30,,3308,3,0,25 26,1,65,,3304,3,0,25 26,1,5,,3309,3,0,25 26,1,30,,3310,3,0,25 26,1,70,,3311,3,0,25 26,1,30,,3312,3,0,25 26,1,70,,3313,3,0,25 26,1,30,,3314,3,0,25 26,1,70,,3315,3,0,25 26,1,30,,3316,3,0,25 26,1,71,,3317,3,0,25 26,1,30,,3318,3,0,25 26,1,70,,3319,3,0,25 26,1,30,,3320,3,0,25 26,1,70,,3321,3,0,25 26,1,30,,3322,3,0,25 26,1,70,,3323,3,0,25 26,1,30,,3324,3,0,25 26,1,70,,3325,3,0,25 26,1,29,,3326,3,0,25 26,1,70,,3327,3,0,25 26,1,30,,3328,3,0,25 26,1,70,,3329,3,0,25 26,1,30,,3330,3,0,25 26,1,70,,3331,3,0,25 26,1,30,,3332,3,0,25 26,1,70,,3333,3,0,25 26,1,30,,3334,3,0,25 26,1,70,,3335,3,0,25 26,1,30,,3336,3,0,25 26,1,70,,3337,3,0,25 26,1,30,,3338,3,0,25 26,1,70,,3339,3,0,25 26,1,30,,3340,3,0,25 26,1,70,,3341,3,0,25 26,1,30,,3342,3,0,25 26,1,70,,3343,3,0,25 26,1
1700,'2',553,,3381,3,0,25 26,1,70,,3380,3,0,25 26,1,30,,3379,3,0,25 26,1,71,,3378,3,0,25 26,1,30,,3377,3,0,25 26,1,70,,3376,3,0,25 26,1,30,,3375,3,0,25 26,1,70,,3374,3,0,25 26,1,30,,3373,3,0,25 26,1,70,,3372,3,0,25 26,1,30,,3371,3,0,25 26,1,70,,3370,3,0,25 26,1,30,,3369,3,0,25 26,1,70,,3368,3,0,25 26,1,30,,3367,3,0,25 26,1,70,,3366,3,0,25 26,1,30,,3365,3,0,25 26,1,70,,3364,3,0,25 26,1,30,,3363,3,0,25 26,1,70,,3362,3,0,25 26,1,30,,3361,3,0,25 26,1,70,,3360,3,0,25 26,1,31,,3359,3,0,25 26,1,70,,3358,3,0,25 26,1,30,,3357,3,0,25 26,1,70,,3356,3,0,25 26,1,29,,3355,3,0,25 26,1,70,,3354,3,0,25 26,1,30,,3353,3,0,25 26,1,70,,3352,3,0,25 26,1,30,,3351,3,0,25 26,1,70,,3350,3,0,25 26,1,30,,3349,3,0,25 26,1,70,,3348,3,0,25 26,1,29,,3347,3,0,25 26,1,70,,3346,3,0,25 26,1,30,,3345,3,0,25 26,1,70,,3344,3,0,25 26,1
1700,'3',953,,3384,3,0,25 26,1,70,,3385,3,0,25 26,1,30,,3386,3,0,25 26,1,70,,3387,3,0,25 26,1,30,,3388,3,0,25 26,1,71,,3389,3,0,25 26,1,30,,3390,3,0,25 26,1,70,,3391,3,0,25 26,1,30,,3392,3,0,25 26,1,70,,3393,3,0,25 26,1,30,,3394,3,0,25 26,1,70,,3395,3,0,25 26,1,30,,3396,3,0,25 26,1,69,,3397,3,0,25 26,1,30,,3398,3,0,25 26,1,70,,3399,3,0,25 26,1,30,,3400,3,0,25 26,1,70,,3401,3,0,25 26,1,30,,3402,3,0,25 26,1
1000400,'14802',2511,,4738,10,0,33 9 15,0,20,,4739,11,0,33 9 15,0,20,,4740,11,0,33 9 15,0,60,,4741,11,0,33 9 15,0,20,,4742,11,0,33 9 15,0
1000400,'7901',2531,,4743,11,0,33 9 15,0,80,,4744,11,0,33 9 15,0
1000400,'8001',2511,,4745,10,0,33 9 15,0,40,,4746,11,0,33 9 15,0,80,,4747,11,0,33 9 15,0
21005000,'12701',703,,4863,3,0,14 15,1,15,,4864,3,0,14 15,1,15,,4865,3,0,14 15,1,15,,4866,3,0,14 15,1,55,,4867,3,0,14 15,1,15,,4868,3,0,14 15,1,15,,4869,3,0,14 15,1,15,,4870,3,0,14 15,1,55,,4871,3,0,14 15,1,15,,4872,3,0,14 15,1,15,,4873,3,0,14 15,1,15,,4874,3,0,14 15,1,55,,4875,3,0,14 15,1,15,,4876,3,0,14 15,1,15,,4877,3,0,14 15,1,15,,4878,3,0,14 15,1,55,,4879,3,0,14 15,1,15,,4880,3,0,14 15,1,15,,4881,3,0,14 15,1,15,,4882,3,0,14 15,1,55,,4883,3,0,14 15,1,15,,4884,3,0,14 15,1,15,,4885,3,0,14 15,1,15,,4886,3,0,14 15,1,55,,4887,3,0,14 15,1,15,,4888,3,0,14 15,1,15,,4889,3,0,14 15,1,15,,4890,3,0,14 15,1,55,,4891,3,0,14 15,1,15,,4892,3,0,14 15,1,15,,4893,3,0,14 15,1,15,,4894,3,0,14 15,1,55,,4895,3,0,14 15,1,15,,4896,3,0,14 15,1,15,,4897,3,0,14 15,1,15,,4898,3,0,14 15,1,55,,4899,3,0,14 15,1,15,,4900,3,0,14 15,1,15,,4901,3,0,14 15,1,15,,4902,3,0,14 15,1,55,,4903,3,0,14 15,1,15,,4904,3,0,14 15,1,15,,4905,3,0,14 15,1,15,,4906,3,0,14 15,1,55,,4907,3,0,14 15,1,15,,4908,3,0,14 15,1,15,,4909,3,0,14 15,1,15,,4910,3,0,14 15,1,55,,4911,3,0,14 15,1,15,,4912,3,0,14 15,1,15,,4913,3,0,14 15,1,15,,4914,3,0,14 15,1,55,,4915,3,0,14 15,1,15,,4916,3,0,14 15,1,15,,4917,3,0,14 15,1,15,,4918,3,0,14 15,1
21005800,'12701',723,,5118,3,0,14 24,0,20,,5119,3,0,14 24,0,60,,5120,3,0,14 24,0,20,,5121,3,0,14 24,0,20,,5122,3,0,14 24,0,60,,5123,3,0,14 24,0,20,,5124,3,0,14 24,0,20,,5125,3,0,14 24,0,60,,5126,3,0,14 24,0,20,,5127,3,0,14 24,0,20,,5128,3,0,14 24,0,60,,5129,3,0,14 24,0,20,,5130,3,0,14 24,0,20,,5131,3,0,14 24,0,60,,5132,3,0,14 24,0,20,,5133,3,0,14 24,0,20,,5134,3,0,14 24,0,60,,5135,3,0,14 24,0,20,,5136,3,0,14 24,0,20,,5137,3,0,14 24,0,60,,5138,3,0,14 24,0,20,,5139,3,0,14 24,0,20,,5140,3,0,14 24,0,60,,5141,3,0,14 24,0,20,,5142,3,0,14 24,0,20,,5143,3,0,14 24,0,60,,5144,3,0,14 24,0,20,,5145,3,0,14 24,0,20,,5146,3,0,14 24,0,60,,5147,3,0,14 24,0,20,,5148,3,0,14 24,0,20,,5149,3,0,14 24,0,60,,5150,3,0,14 24,0,20,,5151,3,0,14 24,0,20,,5152,3,0,14 24,0,60,,5153,3,0,14 24,0,20,,5154,3,0,14 24,0,20,,5155,3,0,14 24,0,60,,5156,3,0,14 24,0,20,,5157,3,0,14 24,0,20,,5158,3,0,14 24,0,60,,5159,3,0,14 24,0
