800,'1',546,,1527,2,0,16,1,70,,1526,2,0,16,1,30,,1525,2,0,16,1,70,,1524,2,0,16,1,20,,1523,2,0,16,1,20,,1522,2,0,16,1,60,,1521,2,0,16,1,20,,1520,2,0,16,1,20,,1519,2,0,16,1,60,,1518,2,0,16,1,20,,1517,2,0,16,1,20,,1516,2,0,16,1,60,,1515,2,0,16,1,20,,1514,2,0,16,1,20,,1513,2,0,16,1,60,,1512,2,0,16,1,20,,1511,2,0,16,1,20,,1510,2,0,16,1,60,,1509,2,0,16,1,20,,1508,2,0,16,1,20,,1507,2,0,16,1,60,,1506,2,0,16,1,20,,1505,2,0,16,1,20,,1504,2,0,16,1,60,,1503,2,0,16,1,20,,1502,2,0,16,1,20,,1501,2,0,16,1,60,,1500,2,0,16,1,20,,1499,2,0,16,1,20,,1498,2,0,16,1,60,,1497,2,0,16,1,20,,1496,2,0,16,1,20,,1495,2,0,16,1,60,,1494,2,0,16,1,20,,1493,2,0,16,1,20,,1492,2,0,16,1,60,,1491,2,0,16,1,30,,1490,2,0,16,1,70,,1489,2,0,16,1,30,,1488,2,0,16,1,70,,1487,2,0,16,1,30,,1486,2,0,16,1,70,,1485,2,0,16,1,30,,1484,2,0,16,1,70,,1483,2,0,16,1,30,,1482,2,0,16,1,70,,1481,2,0,16,1,30,,1480,2,0,16,1,70,,1479,2,0,16,1
800,'2',546,,1528,2,0,16,1,70,,1529,2,0,16,1,30,,1530,2,0,16,1,70,,1531,2,0,16,1,30,,1532,2,0,16,1,70,,1533,2,0,16,1,30,,1534,2,0,16,1,70,,1535,2,0,16,1,30,,1536,2,0,16,1,70,,1537,2,0,16,1,30,,1538,2,0,16,1,70,,1539,2,0,16,1,30,,1540,2,0,16,1,70,,1541,2,0,16,1,30,,1542,2,0,16,1,70,,1543,2,0,16,1,30,,1544,2,0,16,1,70,,1545,2,0,16,1,30,,1546,2,0,16,1,70,,1547,2,0,16,1,30,,1548,2,0,16,1,70,,1549,2,0,16,1,30,,1550,2,0,16,1,70,,1551,2,0,16,1,30,,1552,2,0,16,1,70,,1553,2,0,16,1,30,,1554,2,0,16,1,70,,1555,2,0,16,1,30,,1556,2,0,16,1,70,,1557,2,0,16,1,30,,1558,2,0,16,1,70,,1559,2,0,16,1,30,,1560,2,0,16,1,70,,1561,2,0,16,1,30,,1562,2,0,16,1,70,,1563,2,0,16,1,30,,1564,2,0,16,1,70,,1565,2,0,16,1
800,'3',916,,1566,2,0,16,1,30,,1567,2,0,16,1,70,,1568,2,0,16,1,30,,1569,2,0,16,1,70,,1570,2,0,16,1,30,,1571,2,0,16,1,70,,1572,2,0,16,1,30,,1573,2,0,16,1,70,,1574,2,0,16,1,30,,1575,2,0,16,1,70,,1576,2,0,16,1,30,,1577,2,0,16,1,70,,1578,2,0,16,1,30,,1579,2,0,16,1,70,,1580,2,0,16,1,30,,1581,2,0,16,1,70,,1582,2,0,16,1,30,,1583,2,0,16,1,70,,1584,2,0,16,1,30,,1585,2,0,16,1
900,'1',545,,1730,2,0,34,1,70,,1729,2,0,34,1,30,,1728,2,0,34,1,70,,1727,2,0,34,1,30,,1726,2,0,34,1,70,,1725,2,0,34,1,30,,1724,2,0,34,1,70,,1723,2,0,34,1,30,,1722,2,0,34,1,70,,1721,2,0,34,1,30,,1720,2,0,34,1,70,,1719,2,0,34,1,30,,1718,2,0,34,1,70,,1717,2,0,34,1,30,,1716,2,0,34,1,70,,1715,2,0,34,1,30,,1714,2,0,34,1,70,,1713,2,0,34,1,30,,1712,2,0,34,1,70,,1711,2,0,34,1,30,,1710,2,0,34,1,70,,1709,2,0,34,1,30,,1708,2,0,34,1,70,,1707,2,0,34,1,30,,1706,2,0,34,1,70,,1705,2,0,34,1,30,,1704,2,0,34,1,70,,1703,2,0,34,1,30,,1702,2,0,34,1,70,,1701,2,0,34,1,30,,1700,2,0,34,1,70,,1699,2,0,34,1,30,,1698,2,0,34,1,70,,1697,2,0,34,1,30,,1696,2,0,34,1,70,,1695,2,0,34,1,30,,1694,2,0,34,1,70,,1693,2,0,34,1
900,'2',545,,1731,2,0,34,0,70,,1732,2,0,34,0,30,,1733,2,0,34,0,70,,1734,2,0,34,0,30,,1735,2,0,34,0,70,,1736,2,0,34,0,30,,1737,2,0,34,0,70,,1738,2,0,34,0,30,,1739,2,0,34,0,70,,1740,2,0,34,0,30,,1741,2,0,34,0,70,,1742,2,0,34,0,30,,1743,2,0,34,0,70,,1744,2,0,34,0,30,,1745,2,0,34,0,70,,1746,2,0,34,0,30,,1747,2,0,34,0,70,,1748,2,0,34,0,30,,1749,2,0,34,0,70,,1750,2,0,34,0,30,,1751,2,0,34,0,70,,1752,2,0,34,0,30,,1753,2,0,34,0,70,,1754,2,0,34,0,30,,1755,2,0,34,0,70,,1756,2,0,34,0,30,,1757,2,0,34,0,70,,1758,2,0,34,0,30,,1759,2,0,34,0,70,,1760,2,0,34,0,30,,1761,2,0,34,0,70,,1762,2,0,34,0,30,,1763,2,0,34,0,70,,1764,2,0,34,0,30,,1765,2,0,34,0,70,,1766,2,0,34,0,30,,1767,2,0,34,0,70,,1768,2,0,34,0
900,'3',915,,1769,2,0,34,0,30,,1770,2,0,34,0,70,,1771,2,0,34,0,30,,1772,2,0,34,0,70,,1773,2,0,34,0,30,,1774,2,0,34,0,70,,1775,2,0,34,0,30,,1776,2,0,34,0,70,,1777,2,0,34,0,30,,1778,2,0,34,0,70,,1779,2,0,34,0,30,,1780,2,0,34,0,70,,1781,2,0,34,0,30,,1782,2,0,34,0,70,,1783,2,0,34,0,30,,1784,2,0,34,0,70,,1785,2,0,34,0,30,,1786,2,0,34,0,70,,1787,2,0,34,0,30,,1788,2,0,34,0
1000400,'14802',2508,,4738,1,0,33 9 15,0,12,,4739,2,0,33 9 15,0,20,,4740,2,0,33 9 15,0,60,,4741,2,0,33 9 15,0,20,,4742,2,0,33 9 15,0
1000400,'7901',2520,,4743,2,0,33 9 15,0,80,,4744,2,0,33 9 15,0
1000400,'8001',2508,,4745,1,0,33 9 15,0,32,,4746,2,0,33 9 15,0,80,,4747,2,0,33 9 15,0
1000700,'14802',2520,,4779,2,0,17 18,1,20,,4780,2,0,17 18,1,60,,4781,2,0,17 18,1,20,,4782,2,0,17 18,1
1000700,'7901',2520,,4783,2,0,17 18,1,80,,4784,2,0,17 18,1
1000700,'8001',2540,,4786,2,0,17 18,1,80,,4787,2,0,17 18,1
