100,'1',611,,1,14,0,24 23,1,30,,2,14,0,24 23,1,70,,3,14,0,24 23,1,30,,4,14,0,24 23,1,70,,5,14,0,24 23,1,30,,6,14,0,24 23,1,70,,7,14,0,24 23,1,30,,8,14,0,24 23,1,70,,9,14,0,24 23,1,30,,10,14,0,24 23,1,70,,11,14,0,24 23,1,30,,12,14,0,24 23,1,70,,13,14,0,24 23,1,30,,14,14,0,24 23,1,70,,15,14,0,24 23,1,30,,16,14,0,24 23,1,70,,17,14,0,24 23,1,30,,18,14,0,24 23,1,70,,19,14,0,24 23,1,30,,20,14,0,24 23,1,70,,21,14,0,24 23,1,30,,22,14,0,24 23,1,70,,23,14,0,24 23,1,30,,24,14,0,24 23,1,70,,25,14,0,24 23,1,30,,26,14,0,24 23,1,70,,27,14,0,24 23,1,30,,28,14,0,24 23,1,70,,29,14,0,24 23,1,30,,30,14,0,24 23,1,70,,31,14,0,24 23,1,30,,32,14,0,24 23,1,70,,33,14,0,24 23,1,30,,34,14,0,24 23,1,70,,35,14,0,24 23,1,30,,36,14,0,24 23,1,70,,37,14,0,24 23,1,30,,38,14,0,24 23,1
100,'2',611,,39,14,0,24 23,1,30,,40,14,0,24 23,1,70,,41,14,0,24 23,1,30,,42,14,0,24 23,1,70,,43,14,0,24 23,1,30,,44,14,0,24 23,1,70,,45,14,0,24 23,1,30,,46,14,0,24 23,1,70,,47,14,0,24 23,1,30,,48,14,0,24 23,1,70,,49,14,0,24 23,1,30,,50,14,0,24 23,1,70,,51,14,0,24 23,1,30,,52,14,0,24 23,1,70,,53,14,0,24 23,1,30,,54,14,0,24 23,1,70,,55,14,0,24 23,1,30,,56,14,0,24 23,1,70,,57,14,0,24 23,1,30,,58,14,0,24 23,1,70,,59,14,0,24 23,1,30,,60,14,0,24 23,1,70,,61,14,0,24 23,1,30,,62,14,0,24 23,1,70,,63,14,0,24 23,1,30,,64,14,0,24 23,1,70,,65,14,0,24 23,1,30,,66,14,0,24 23,1,70,,67,14,0,24 23,1,30,,68,14,0,24 23,1,70,,69,14,0,24 23,1,30,,70,14,0,24 23,1,70,,71,14,0,24 23,1,30,,72,14,0,24 23,1,70,,73,14,0,24 23,1,30,,74,14,0,24 23,1,70,,75,14,0,24 23,1,30,,76,14,0,24 23,1
100,'3',941,,77,14,0,24 23,1,70,,78,14,0,24 23,1,30,,79,14,0,24 23,1,70,,80,14,0,24 23,1,30,,81,14,0,24 23,1,70,,82,14,0,24 23,1,30,,83,14,0,24 23,1,70,,84,14,0,24 23,1,30,,85,14,0,24 23,1,70,,86,14,0,24 23,1,30,,87,14,0,24 23,1,70,,88,14,0,24 23,1,30,,89,14,0,24 23,1,70,,90,14,0,24 23,1,30,,91,14,0,24 23,1,70,,92,14,0,24 23,1,30,,93,14,0,24 23,1,70,,94,14,0,24 23,1,30,,95,14,0,24 23,1,70,,96,14,0,24 23,1
101,'1',541,,97,1,0,24 23,1
101,'2',541,,135,1,0,24 23,1
101,'3',911,,173,1,0,24 23,1
1000701,'14802',2522,,4788,3,0,17 18,0,20,,4789,3,0,17 18,0,60,,4790,3,0,17 18,0,20,,4791,3,0,17 18,0,20,,4792,3,0,17 18,0
1000701,'7901',2542,,4793,3,0,17 18,0,80,,4794,3,0,17 18,0
1000701,'8001',2522,,4795,3,0,17 18,0,80,,4796,3,0,17 18,0,40,,4797,3,0,17 18,0
1000800,'3403',1840,,4798,30,,,1,75,,4799,30,,,1,35,,4800,30,,,1,75,,4801,30,,,1,75,,4802,30,,,1,35,,4803,30,,,1,75,,4804,30,,,1,35,,4805,30,,,1,75,,4806,30,,,1,35,,4807,30,,,1,75,,4808,30,,,1,75,,4809,30,,,1
