9901,'1',551,,9639,7,,,1,50,,9640,7,,,1,10,,9641,19,,,1,10,,9642,19,,,1,10,,9643,19,,,1,10,,9644,19,,,1,10,,9645,19,,,1,50,,9646,19,,,1,10,,9647,19,,,1,10,,9648,19,,,1,10,,9649,19,,,1,10,,9650,19,,,1,10,,9651,19,,,1,50,,9652,19,,,1,10,,9653,19,,,1,10,,9654,19,,,1,10,,9655,19,,,1,10,,9656,19,,,1,10,,9657,19,,,1,50,,9658,19,,,1,10,,9659,19,,,1,10,,9660,19,,,1,10,,9661,19,,,1,10,,9662,19,,,1,10,,9663,19,,,1,50,,9664,19,,,1,10,,9665,19,,,1,10,,9666,19,,,1,10,,9667,19,,,1,10,,9668,19,,,1,10,,9669,19,,,1,50,,9670,19,,,1,10,,9671,19,,,1,10,,9672,19,,,1,10,,9673,19,,,1,10,,9674,19,,,1,10,,9675,19,,,1,50,,9676,19,,,1,10,,9677,19,,,1,10,,9678,19,,,1,10,,9679,19,,,1,10,,9680,19,,,1,10,,9681,19,,,1,50,,9682,19,,,1,10,,9683,19,,,1,10,,9684,19,,,1,10,,9685,19,,,1,10,,9686,19,,,1,10,,9687,19,,,1,50,,9688,19,,,1,10,,9689,19,,,1,10,,9690,19,,,1,10,,9691,19,,,1,10,,9692,19,,,1,10,,9693,19,,,1,50,,9694,19,,,1,10,,9695,19,,,1,10,,9696,19,,,1,10,,9697,19,,,1,10,,9698,19,,,1,10,,9699,19,,,1,50,,9700,19,,,1,10,,9701,19,,,1,10,,9702,19,,,1,10,,9703,19,,,1,10,,9704,19,,,1,10,,9705,19,,,1,50,,9706,19,,,1,10,,9707,19,,,1,10,,9708,19,,,1,10,,9709,19,,,1,10,,9710,19,,,1,10,,9711,19,,,1,50,,9712,19,,,1,10,,9713,19,,,1,10,,9714,19,,,1,10,,9715,19,,,1,10,,9716,19,,,1,10,,9717,19,,,1,50,,9718,19,,,1,10,,9719,19,,,1,10,,9720,19,,,1,10,,9721,19,,,1,10,,9722,19,,,1,10,,9723,19,,,1,50,,9724,19,,,1,10,,9725,19,,,1,10,,9726,19,,,1,10,,9727,19,,,1,10,,9728,19,,,1,10,,9729,19,,,1,50,,9730,19,,,1,10,,9731,19,,,1,10,,9732,19,,,1,10,,9733,19,,,1,10,,9734,19,,,1,10,,9735,19,,,1,50,,9736,19,,,1,10,,9737,19,,,1,10,,9637,19,,,1,15,,9740,7,,,1,15,,9739,19,,,1,55,,9742,7,,,1,15,,9741,19,,,1,15,,9744,7,,,1,15,,9743,19,,,1,55,,9746,7,,,1,15,,9745,19,,,1,15,,9748,7,,,1
9901,'2',551,,9824,7,,,1,55,,9822,7,,,1,15,,9823,19,,,1,15,,9820,7,,,1,15,,9821,19,,,1,55,,9818,7,,,1,15,,9819,19,,,1,15,,9816,7,,,1,15,,9817,19,,,1,55,,9814,7,,,1,15,,9815,19,,,1,15,,9812,7,,,1,15,,9813,19,,,1,55,,9810,7,,,1,15,,9811,19,,,1,15,,9808,7,,,1,15,,9809,19,,,1,55,,9806,7,,,1,15,,9807,19,,,1,15,,9804,7,,,1,15,,9805,19,,,1,55,,9802,7,,,1,15,,9803,19,,,1,15,,9800,7,,,1,15,,9801,19,,,1,55,,9798,7,,,1,15,,9799,19,,,1,15,,9796,7,,,1,15,,9797,19,,,1,55,,9794,7,,,1,15,,9795,19,,,1,15,,9792,7,,,1,15,,9793,19,,,1,55,,9790,7,,,1,15,,9791,19,,,1,15,,9826,7,,,1,15,,9789,19,,,1,55,,9787,7,,,1,15,,9788,19,,,1,15,,9785,7,,,1,15,,9786,19,,,1,55,,9783,7,,,1,15,,9784,19,,,1,15,,9781,7,,,1,15,,9782,19,,,1,55,,9779,7,,,1,15,,9780,19,,,1,15,,9777,7,,,1,15,,9778,19,,,1,55,,9775,7,,,1,15,,9776,19,,,1,15,,9773,7,,,1,15,,9774,19,,,1,55,,9771,7,,,1,15,,9772,19,,,1,15,,9769,7,,,1,15,,9770,19,,,1,55,,9767,7,,,1,15,,9768,19,,,1,15,,9765,7,,,1,15,,9766,19,,,1,55,,9763,7,,,1,15,,9764,19,,,1,15,,9761,7,,,1,15,,9762,19,,,1,55,,9759,7,,,1,15,,9760,19,,,1,15,,9757,7,,,1,15,,9758,19,,,1,55,,9755,7,,,1,15,,9756,19,,,1,15,,9753,7,,,1,15,,9754,19,,,1,55,,9751,7,,,1,15,,9752,19,,,1,15,,9749,7,,,1
9901,'3',721,,9828,7,,,1,15,,9829,7,,,1,15,,9830,19,,,1,55,,9831,7,,,1,15,,9832,19,,,1,15,,9833,7,,,1,15,,9834,19,,,1,55,,9835,7,,,1,15,,9836,19,,,1,15,,9837,7,,,1,15,,9838,19,,,1,55,,9839,7,,,1,15,,9840,19,,,1,15,,9841,7,,,1,15,,9842,19,,,1,55,,9843,7,,,1,15,,9844,19,,,1,15,,9845,7,,,1,15,,9846,19,,,1,55,,9847,7,,,1,15,,9848,19,,,1,15,,9849,7,,,1,15,,9850,19,,,1,55,,9851,7,,,1,15,,9852,19,,,1,15,,9853,7,,,1,15,,9854,19,,,1,55,,9855,7,,,1,15,,9856,19,,,1,15,,9857,7,,,1,15,,9858,19,,,1,55,,9859,7,,,1,15,,9860,19,,,1,15,,9861,7,,,1,15,,9862,19,,,1,55,,9863,7,,,1,15,,9864,19,,,1,15,,9865,7,,,1,15,,9866,19,,,1,55,,9867,7,,,1,15,,9868,19,,,1,15,,9869,7,,,1,15,,9870,19,,,1,55,,9871,7,,,1,15,,9872,19,,,1,15,,9873,7,,,1,15,,9878,19,,,1,55,,9875,7,,,1,15,,9876,19,,,1,15,,9877,7,,,1,15,,9874,19,,,1,55,,9879,7,,,1,15,,9880,19,,,1,15,,9881,7,,,1,15,,9882,19,,,1,55,,9883,7,,,1,15,,9884,19,,,1,15,,9885,7,,,1,15,,9886,19,,,1,55,,9887,7,,,1,15,,9888,19,,,1,15,,9889,7,,,1
9901,'7',921,,9921,7,,,1,30,,9922,19,,,1,70,,9923,19,,,1,30,,9924,19,,,1,70,,9925,19,,,1,30,,9926,19,,,1,70,,9927,19,,,1,30,,9928,19,,,1,70,,9929,19,,,1,30,,9930,19,,,1,70,,9931,19,,,1,30,,9932,19,,,1,70,,9933,19,,,1,30,,9934,19,,,1,70,,9935,19,,,1,30,,9936,19,,,1,70,,9937,19,,,1,30,,9938,19,,,1,70,,9939,19,,,1,30,,9940,19,,,1
1000400,'14802',2508,,10078,5,0,33 9 15,1,16,,10079,6,0,33 9 15,1,20,,10080,6,0,33 9 15,1,60,,10081,6,0,33 9 15,1,20,,10082,6,0,33 9 15,1
1000400,'7901',2524,,10083,6,0,33 9 15,1,80,,10084,6,0,33 9 15,1
1000400,'8001',2508,,10085,5,0,33 9 15,1,36,,10086,6,0,33 9 15,1,80,,10087,6,0,33 9 15,1
1000700,'14802',2525,,10119,5,0,17 18,1,20,,10120,5,0,17 18,1,60,,10121,5,0,17 18,1,20,,10122,5,0,17 18,1
1000700,'7901',2525,,10123,5,0,17 18,1,80,,10124,5,0,17 18,1
1000700,'8001',2545,,10126,5,0,17 18,1,80,,10127,5,0,17 18,1
