1500,'1',601,,8097,2,0,23,1,30,,8098,2,0,23,1,70,,8099,2,0,23,1,30,,8100,2,0,23,1,70,,8101,2,0,23,1,30,,8102,2,0,23,1,70,,8103,2,0,23,1,30,,8104,2,0,23,1,70,,8105,2,0,23,1,30,,8106,2,0,23,1,70,,8107,2,0,23,1,30,,8108,2,0,23,1,70,,8109,2,0,23,1,30,,8110,2,0,23,1,70,,8111,2,0,23,1,30,,8112,2,0,23,1,70,,8113,2,0,23,1,30,,8114,2,0,23,1,70,,8115,2,0,23,1,30,,8116,2,0,23,1,70,,8117,2,0,23,1,30,,8118,2,0,23,1,70,,8119,2,0,23,1,30,,8120,2,0,23,1,70,,8121,2,0,23,1,30,,8122,2,0,23,1,70,,8123,2,0,23,1,30,,8124,2,0,23,1,70,,8125,2,0,23,1,30,,8126,2,0,23,1,70,,8127,2,0,23,1,30,,8128,2,0,23,1,70,,8129,2,0,23,1,30,,8130,2,0,23,1,70,,8131,2,0,23,1,30,,8132,2,0,23,1,70,,8133,2,0,23,1,30,,8134,2,0,23,1
1500,'2',601,,8135,2,0,23,1,30,,8136,2,0,23,1,70,,8137,2,0,23,1,30,,8138,2,0,23,1,70,,8139,2,0,23,1,30,,8140,2,0,23,1,70,,8141,2,0,23,1,30,,8142,2,0,23,1,70,,8143,2,0,23,1,30,,8144,2,0,23,1,70,,8145,2,0,23,1,30,,8146,2,0,23,1,70,,8147,2,0,23,1,30,,8148,2,0,23,1,70,,8149,2,0,23,1,30,,8150,2,0,23,1,70,,8151,2,0,23,1,30,,8152,2,0,23,1,70,,8153,2,0,23,1,30,,8154,2,0,23,1,70,,8155,2,0,23,1,30,,8156,2,0,23,1,70,,8157,2,0,23,1,30,,8158,2,0,23,1,70,,8159,2,0,23,1,30,,8160,2,0,23,1,70,,8161,2,0,23,1,30,,8162,2,0,23,1,70,,8163,2,0,23,1,30,,8164,2,0,23,1,70,,8165,2,0,23,1,30,,8166,2,0,23,1,70,,8167,2,0,23,1,30,,8168,2,0,23,1,70,,8169,2,0,23,1,30,,8170,2,0,23,1,70,,8171,2,0,23,1,30,,8172,2,0,23,1
1500,'3',931,,8173,2,0,23,1,70,,8174,2,0,23,1,30,,8175,2,0,23,1,70,,8176,2,0,23,1,30,,8177,2,0,23,1,70,,8178,2,0,23,1,30,,8179,2,0,23,1,70,,8180,2,0,23,1,30,,8181,2,0,23,1,70,,8182,2,0,23,1,30,,8183,2,0,23,1,70,,8184,2,0,23,1,30,,8185,2,0,23,1,70,,8186,2,0,23,1,30,,8187,2,0,23,1,70,,8188,2,0,23,1,30,,8189,2,0,23,1,70,,8190,2,0,23,1,30,,8191,2,0,23,1,70,,8192,2,0,23,1
1700,'1',552,,8487,2,0,25 26,1,70,,8488,2,0,25 26,1,30,,8489,2,0,25 26,1,65,,8485,2,0,25 26,1,5,,8490,2,0,25 26,1,30,,8491,2,0,25 26,1,70,,8492,2,0,25 26,1,30,,8493,2,0,25 26,1,70,,8494,2,0,25 26,1,30,,8495,2,0,25 26,1,70,,8496,2,0,25 26,1,30,,8497,2,0,25 26,1,70,,8498,2,0,25 26,1,30,,8499,2,0,25 26,1,70,,8500,2,0,25 26,1,30,,8501,2,0,25 26,1,70,,8502,2,0,25 26,1,31,,8503,2,0,25 26,1,70,,8504,2,0,25 26,1,30,,8505,2,0,25 26,1,70,,8506,2,0,25 26,1,29,,8507,2,0,25 26,1,70,,8508,2,0,25 26,1,30,,8509,2,0,25 26,1,70,,8510,2,0,25 26,1,30,,8511,2,0,25 26,1,70,,8512,2,0,25 26,1,30,,8513,2,0,25 26,1,70,,8514,2,0,25 26,1,30,,8515,2,0,25 26,1,70,,8516,2,0,25 26,1,30,,8517,2,0,25 26,1,70,,8518,2,0,25 26,1,30,,8519,2,0,25 26,1,70,,8520,2,0,25 26,1,30,,8521,2,0,25 26,1,70,,8522,2,0,25 26,1,30,,8523,2,0,25 26,1,69,,8524,2,0,25 26,1
1700,'2',552,,8562,2,0,25 26,1,70,,8561,2,0,25 26,1,30,,8560,2,0,25 26,1,70,,8559,2,0,25 26,1,30,,8558,2,0,25 26,1,70,,8557,2,0,25 26,1,30,,8556,2,0,25 26,1,70,,8555,2,0,25 26,1,30,,8554,2,0,25 26,1,70,,8553,2,0,25 26,1,30,,8552,2,0,25 26,1,70,,8551,2,0,25 26,1,30,,8550,2,0,25 26,1,70,,8549,2,0,25 26,1,30,,8548,2,0,25 26,1,70,,8547,2,0,25 26,1,31,,8546,2,0,25 26,1,70,,8545,2,0,25 26,1,30,,8544,2,0,25 26,1,70,,8543,2,0,25 26,1,30,,8542,2,0,25 26,1,70,,8541,2,0,25 26,1,30,,8540,2,0,25 26,1,70,,8539,2,0,25 26,1,30,,8538,2,0,25 26,1,70,,8537,2,0,25 26,1,30,,8536,2,0,25 26,1,70,,8535,2,0,25 26,1,30,,8534,2,0,25 26,1,70,,8533,2,0,25 26,1,30,,8532,2,0,25 26,1,70,,8531,2,0,25 26,1,30,,8530,2,0,25 26,1,70,,8529,2,0,25 26,1,29,,8528,2,0,25 26,1,70,,8527,2,0,25 26,1,30,,8526,2,0,25 26,1,69,,8525,2,0,25 26,1
1700,'3',952,,8565,2,0,25 26,1,70,,8566,2,0,25 26,1,30,,8567,2,0,25 26,1,70,,8568,2,0,25 26,1,30,,8569,2,0,25 26,1,70,,8570,2,0,25 26,1,30,,8571,2,0,25 26,1,70,,8572,2,0,25 26,1,30,,8573,2,0,25 26,1,70,,8574,2,0,25 26,1,30,,8575,2,0,25 26,1,70,,8576,2,0,25 26,1,30,,8577,2,0,25 26,1,70,,8578,2,0,25 26,1,30,,8579,2,0,25 26,1,70,,8580,2,0,25 26,1,30,,8581,2,0,25 26,1,70,,8582,2,0,25 26,1,30,,8583,2,0,25 26,1
1000400,'14802',2510,,10078,9,0,33 9 15,1,20,,10079,10,0,33 9 15,1,20,,10080,10,0,33 9 15,1,60,,10081,10,0,33 9 15,1,20,,10082,10,0,33 9 15,1
1000400,'7901',2530,,10083,10,0,33 9 15,1,80,,10084,10,0,33 9 15,1
1000400,'8001',2510,,10085,9,0,33 9 15,1,40,,10086,10,0,33 9 15,1,80,,10087,10,0,33 9 15,1
1000700,'14802',2511,,10118,3,0,17 18,1,20,,10119,9,0,17 18,1,20,,10120,9,0,17 18,1,60,,10121,9,0,17 18,1,20,,10122,9,0,17 18,1
1000700,'7901',2531,,10123,9,0,17 18,1,80,,10124,9,0,17 18,1
1000700,'8001',2511,,10125,3,0,17 18,1,40,,10126,9,0,17 18,1,80,,10127,9,0,17 18,1
1001700,'4',901,,10508,3,0,41 39,1,40,,10509,3,0,41 39,1,80,,10510,3,0,41 39,1,80,,10511,3,0,41 39,1,40,,10512,3,0,41 39,1,80,,10513,3,0,41 39,1,80,,10514,3,0,41 39,1,40,,10515,3,0,41 39,1,80,,10516,3,0,41 39,1,80,,10517,3,0,41 39,1,20,,10518,3,0,41 39,1,20,,10519,3,0,41 39,1,60,,10520,3,0,41 39,1,20,,10521,3,0,41 39,1,20,,10522,3,0,41 39,1,60,,10523,3,0,41 39,1,20,,10524,3,0,41 39,1,20,,10525,3,0,41 39,1,60,,10526,3,0,41 39,1,20,,10527,3,0,41 39,1,20,,10528,3,0,41 39,1,60,,10529,3,0,41 39,1,20,,10530,3,0,41 39,1,20,,10531,3,0,41 39,1,60,,10532,3,0,41 39,1,20,,10533,3,0,41 39,1,20,,10534,3,0,41 39,1,60,,10535,3,0,41 39,1,20,,10536,3,0,41 39,1,20,,10537,3,0,41 39,1,60,,10538,3,0,41 39,1,20,,10539,3,0,41 39,1,20,,10540,3,0,41 39,1,60,,10541,3,0,41 39,1,20,,10542,3,0,41 39,1,20,,10543,3,0,41 39,1,60,,10544,3,0,41 39,1
