'1',200,60850,,'',1,3000,,'',1,7000,,'',1,3000,,'',1,7000,,'',1,3000,,'',1,7000,,'',1,3000,,'',1,7000,,'',1,3000,,'',1,7000,,'',1,3000,,'',1,7000,,'',1,3000,,'',1,7000,,'',1,3000,,'',1,7000,,'',1,3000,,'',1,7000,,'',1,3000,,'',1,7000,,'',1,3000,,'',1,7000,,'',1,3000,,'',1,7000,,'',1,3000,,'',1,7000,,'',1,3000,,'',1,7000,,'',1,3000,,'',1,7000,,'',1,3000,,'',1,7000,,'',1,3000,,'',1,7000,,'',1,3000,,'',1,7000,,'',1,3000,,'',1
'2',200,60850,,'',1,3000,,'',1,7000,,'',1,3000,,'',1,7000,,'',1,3000,,'',1,7000,,'',1,3000,,'',1,7000,,'',1,3000,,'',1,7000,,'',1,3000,,'',1,7000,,'',1,3000,,'',1,7000,,'',1,3000,,'',1,7000,,'',1,3000,,'',1,7000,,'',1,3000,,'',1,7000,,'',1,3000,,'',1,7000,,'',1,3000,,'',1,7000,,'',1,3000,,'',1,7000,,'',1,3000,,'',1,7000,,'',1,3000,,'',1,7000,,'',1,3000,,'',1,7000,,'',1,3000,,'',1,7000,,'',1,3000,,'',1,7000,,'',1,3000,,'',1
'3',200,93850,,'',1,7000,,'',1,3000,,'',1,7000,,'',1,3000,,'',1,7000,,'',1,3000,,'',1,7000,,'',1,3000,,'',1,7000,,'',1,3000,,'',1,7000,,'',1,3000,,'',1,7000,,'',1,3000,,'',1,7000,,'',1,3000,,'',1,7000,,'',1,3000,,'',1,7000,,'',1
'5',200,60850,,'',1,3000,,'',1,7000,,'',1,3000,,'',1,7000,,'',1,3000,,'',1,10000,,'',1,7000,,'',1,3000,,'',1,7000,,'',1,3000,,'',1,7000,,'',1,3000,,'',1,7000,,'',1,3000,,'',1,7000,,'',1,3000,,'',1,7000,,'',1,3000,,'',1,7000,,'',1,3000,,'',1,7000,,'',1,3000,,'',1,7000,,'',1,3000,,'',1
'1',800,55620,0,'Janefield',1,7000,0,'Janefield',1,3000,0,'Janefield',1,7000,0,'Janefield',1,2000,0,'Janefield',1,6000,0,'Janefield',1,2000,0,'Janefield',1,2000,0,'Janefield',1,6000,0,'Janefield',1,2000,0,'Janefield',1,2000,0,'Janefield',1,6000,0,'Janefield',1,2000,0,'Janefield',1,2000,0,'Janefield',1,6000,0,'Janefield',1,2000,0,'Janefield',1,2000,0,'Janefield',1,6000,0,'Janefield',1,2000,0,'Janefield',1,2000,0,'Janefield',1,6000,0,'Janefield',1,2000,0,'Janefield',1,2000,0,'Janefield',1,6000,0,'Janefield',1,2000,0,'Janefield',1,2000,0,'Janefield',1,6000,0,'Janefield',1,2000,0,'Janefield',1,2000,0,'Janefield',1,6000,0,'Janefield',1,2000,0,'Janefield',1,2000,0,'Janefield',1,6000,0,'Janefield',1,2000,0,'Janefield',1,2000,0,'Janefield',1,6000,0,'Janefield',1,2000,0,'Janefield',1,3000,0,'Janefield',1,7000,0,'Janefield',1,3000,0,'Janefield',1,7000,0,'Janefield',1,3000,0,'Janefield',1,7000,0,'Janefield',1,3000,0,'Janefield',1,7000,0,'Janefield',1,3000,0,'Janefield',1,7000,0,'Janefield',1,3000,0,'Janefield',1,7000,0,'Janefield',1
'2',800,55620,0,'Janefield',1,7000,0,'Janefield',1,3000,0,'Janefield',1,7000,0,'Janefield',1,3000,0,'Janefield',1,7000,0,'Janefield',1,3000,0,'Janefield',1,7000,0,'Janefield',1,3000,0,'Janefield',1,7000,0,'Janefield',1,3000,0,'Janefield',1,7000,0,'Janefield',1,3000,0,'Janefield',1,7000,0,'Janefield',1,3000,0,'Janefield',1,7000,0,'Janefield',1,3000,0,'Janefield',1,7000,0,'Janefield',1,3000,0,'Janefield',1,7000,0,'Janefield',1,3000,0,'Janefield',1,7000,0,'Janefield',1,3000,0,'Janefield',1,7000,0,'Janefield',1,3000,0,'Janefield',1,7000,0,'Janefield',1,3000,0,'Janefield',1,7000,0,'Janefield',1,3000,0,'Janefield',1,7000,0,'Janefield',1,3000,0,'Janefield',1,7000,0,'Janefield',1,3000,0,'Janefield',1,7000,0,'Janefield',1,3000,0,'Janefield',1,7000,0,'Janefield',1,3000,0,'Janefield',1,7000,0,'Janefield',1
'3',800,92620,0,'Janefield',1,3000,0,'Janefield',1,7000,0,'Janefield',1,3000,0,'Janefield',1,7000,0,'Janefield',1,3000,0,'Janefield',1,7000,0,'Janefield',1,3000,0,'Janefield',1,7000,0,'Janefield',1,3000,0,'Janefield',1,7000,0,'Janefield',1,3000,0,'Janefield',1,7000,0,'Janefield',1,3000,0,'Janefield',1,7000,0,'Janefield',1,3000,0,'Janefield',1,7000,0,'Janefield',1,3000,0,'Janefield',1,7000,0,'Janefield',1,3000,0,'Janefield',1
'5',800,55620,0,'Janefield',1,7000,0,'Janefield',1,3000,0,'Janefield',1,7000,0,'Janefield',1,2000,0,'Janefield',1,6000,0,'Janefield',1,2000,0,'Janefield',1,2000,0,'Janefield',1,6000,0,'Janefield',1,2000,0,'Janefield',1,2000,0,'Janefield',1,6000,0,'Janefield',1,2000,0,'Janefield',1,2000,0,'Janefield',1,6000,0,'Janefield',1,2000,0,'Janefield',1,2000,0,'Janefield',1,6000,0,'Janefield',1,2000,0,'Janefield',1,2000,0,'Janefield',1,6000,0,'Janefield',1,2000,0,'Janefield',1,2000,0,'Janefield',1,6000,0,'Janefield',1,2000,0,'Janefield',1,2000,0,'Janefield',1,6000,0,'Janefield',1,2000,0,'Janefield',1,2000,0,'Janefield',1,6000,0,'Janefield',1,2000,0,'Janefield',1,2000,0,'Janefield',1,6000,0,'Janefield',1,2000,0,'Janefield',1,2000,0,'Janefield',1,6000,0,'Janefield',1,2000,0,'Janefield',1,3000,0,'Janefield',1
'14802',1000400,252150,,'',1,2000,,'',1,6000,,'',1,2000,,'',1,2000,,'',1
'7901',1000400,254150,,'',1,8000,,'',1
'8001',1000400,252150,,'',1,8000,,'',1,4000,,'',1
