101,'1',543,,97,0,24 23,1,70,,98,0,24 23,1,30,,99,0,24 23,1,70,,100,0,24 23,1,30,,101,0,24 23,1,70,,102,0,24 23,1,30,,103,0,24 23,1,70,,104,0,24 23,1,30,,105,0,24 23,1,70,,106,0,24 23,1,30,,107,0,24 23,1,70,,108,0,24 23,1,30,,109,0,24 23,1,70,,110,0,24 23,1,30,,111,0,24 23,1,70,,112,0,24 23,1,30,,113,0,24 23,1,70,,114,0,24 23,1,30,,115,0,24 23,1,70,,116,0,24 23,1,30,,117,0,24 23,1,70,,118,0,24 23,1,30,,119,0,24 23,1,70,,120,0,24 23,1,30,,121,0,24 23,1,70,,122,0,24 23,1,30,,123,0,24 23,1,70,,124,0,24 23,1,30,,125,0,24 23,1,70,,126,0,24 23,1,30,,127,0,24 23,1,70,,128,0,24 23,1,30,,129,0,24 23,1,70,,130,0,24 23,1,30,,131,0,24 23,1,70,,132,0,24 23,1,30,,133,0,24 23,1,70,,134,0,24 23,1
101,'2',543,,135,0,24 23,1,70,,136,0,24 23,1,30,,137,0,24 23,1,70,,138,0,24 23,1,30,,139,0,24 23,1,70,,140,0,24 23,1,30,,141,0,24 23,1,70,,142,0,24 23,1,30,,143,0,24 23,1,70,,144,0,24 23,1,30,,145,0,24 23,1,70,,146,0,24 23,1,30,,147,0,24 23,1,70,,148,0,24 23,1,30,,149,0,24 23,1,70,,150,0,24 23,1,30,,151,0,24 23,1,70,,152,0,24 23,1,30,,153,0,24 23,1,70,,154,0,24 23,1,30,,155,0,24 23,1,70,,156,0,24 23,1,30,,157,0,24 23,1,70,,158,0,24 23,1,30,,159,0,24 23,1,70,,160,0,24 23,1,30,,161,0,24 23,1,70,,162,0,24 23,1,30,,163,0,24 23,1,70,,164,0,24 23,1,30,,165,0,24 23,1,70,,166,0,24 23,1,30,,167,0,24 23,1,70,,168,0,24 23,1,30,,169,0,24 23,1,70,,170,0,24 23,1,30,,171,0,24 23,1,70,,172,0,24 23,1
101,'3',913,,173,0,24 23,1,30,,174,0,24 23,1,70,,175,0,24 23,1,30,,176,0,24 23,1,70,,177,0,24 23,1,30,,178,0,24 23,1,70,,179,0,24 23,1,30,,180,0,24 23,1,70,,181,0,24 23,1,30,,182,0,24 23,1,70,,183,0,24 23,1,30,,184,0,24 23,1,70,,185,0,24 23,1,30,,186,0,24 23,1,70,,187,0,24 23,1,30,,188,0,24 23,1,70,,189,0,24 23,1,30,,190,0,24 23,1,70,,191,0,24 23,1,30,,192,0,24 23,1
600,'1',608,,1061,0,17,0,30,,1062,0,17,0,69,,1063,0,17,0,20,,1064,0,17,0,20,,1065,0,17,0,60,,1066,0,17,0,20,,1067,0,17,0,20,,1068,0,17,0,60,,1069,0,17,0,20,,1070,0,17,0,20,,1071,0,17,0,61,,1072,0,17,0,30,,1073,0,17,0,70,,1074,0,17,0,30,,1075,0,17,0,70,,1076,0,17,0,30,,1077,0,17,0,70,,1078,0,17,0,30,,1079,0,17,0,71,,1080,0,17,0,20,,1081,0,17,0,20,,1082,0,17,0,60,,1083,0,17,0,20,,1084,0,17,0,20,,1085,0,17,0,60,,1086,0,17,0,20,,1087,0,17,0,20,,1088,0,17,0,60,,1089,0,17,0,20,,1090,0,17,0,20,,1091,0,17,0,59,,1092,0,17,0,30,,1093,0,17,0,70,,1094,0,17,0,30,,1095,0,17,0,70,,1096,0,17,0,30,,1097,0,17,0,70,,1098,0,17,0,30,,1099,0,17,0,70,,1100,0,17,0,30,,1101,0,17,0,70,,1102,0,17,0,30,,1103,0,17,0,70,,1104,0,17,0,30,,1105,0,17,0
600,'2',607,,1143,0,17,1,30,,1142,0,17,1,70,,1141,0,17,1,30,,1140,0,17,1,70,,1139,0,17,1,30,,1138,0,17,1,70,,1137,0,17,1,30,,1136,0,17,1,70,,1135,0,17,1,30,,1134,0,17,1,70,,1133,0,17,1,30,,1132,0,17,1,70,,1131,0,17,1,30,,1130,0,17,1,70,,1129,0,17,1,30,,1128,0,17,1,70,,1127,0,17,1,30,,1126,0,17,1,70,,1125,0,17,1,30,,1124,0,17,1,70,,1123,0,17,1,30,,1122,0,17,1,70,,1121,0,17,1,30,,1120,0,17,1,70,,1119,0,17,1,30,,1118,0,17,1,70,,1117,0,17,1,30,,1116,0,17,1,70,,1115,0,17,1,30,,1114,0,17,1,70,,1113,0,17,1,30,,1112,0,17,1,70,,1111,0,17,1,30,,1110,0,17,1,70,,1109,0,17,1,30,,1108,0,17,1,70,,1107,0,17,1,30,,1106,0,17,1
600,'3',937,,1144,0,17,1,70,,1145,0,17,1,30,,1146,0,17,1,70,,1147,0,17,1,30,,1148,0,17,1,70,,1149,0,17,1,30,,1150,0,17,1,70,,1151,0,17,1,30,,1152,0,17,1,70,,1153,0,17,1,30,,1154,0,17,1,70,,1155,0,17,1,30,,1156,0,17,1,70,,1157,0,17,1,30,,1158,0,17,1,70,,1159,0,17,1,30,,1160,0,17,1,70,,1161,0,17,1,30,,1162,0,17,1,70,,1163,0,17,1
1500,'1',604,,2916,0,23,1,30,,2917,0,23,1,70,,2918,0,23,1,30,,2919,0,23,1,70,,2920,0,23,1,30,,2921,0,23,1,70,,2922,0,23,1,30,,2923,0,23,1,70,,2924,0,23,1,30,,2925,0,23,1,70,,2926,0,23,1,30,,2927,0,23,1,70,,2928,0,23,1,30,,2929,0,23,1,70,,2930,0,23,1,30,,2931,0,23,1,70,,2932,0,23,1,30,,2933,0,23,1,70,,2934,0,23,1,30,,2935,0,23,1,70,,2936,0,23,1,30,,2937,0,23,1,70,,2938,0,23,1,30,,2939,0,23,1,70,,2940,0,23,1,30,,2941,0,23,1,70,,2942,0,23,1,30,,2943,0,23,1,70,,2944,0,23,1,30,,2945,0,23,1,70,,2946,0,23,1,30,,2947,0,23,1,70,,2948,0,23,1,30,,2949,0,23,1,70,,2950,0,23,1,30,,2951,0,23,1,70,,2952,0,23,1,30,,2953,0,23,1
1500,'2',604,,2954,0,23,1,30,,2955,0,23,1,70,,2956,0,23,1,30,,2957,0,23,1,70,,2958,0,23,1,30,,2959,0,23,1,70,,2960,0,23,1,30,,2961,0,23,1,70,,2962,0,23,1,30,,2963,0,23,1,70,,2964,0,23,1,30,,2965,0,23,1,70,,2966,0,23,1,30,,2967,0,23,1,70,,2968,0,23,1,30,,2969,0,23,1,70,,2970,0,23,1,30,,2971,0,23,1,70,,2972,0,23,1,30,,2973,0,23,1,70,,2974,0,23,1,30,,2975,0,23,1,70,,2976,0,23,1,30,,2977,0,23,1,70,,2978,0,23,1,30,,2979,0,23,1,70,,2980,0,23,1,30,,2981,0,23,1,70,,2982,0,23,1,30,,2983,0,23,1,70,,2984,0,23,1,30,,2985,0,23,1,70,,2986,0,23,1,30,,2987,0,23,1,70,,2988,0,23,1,30,,2989,0,23,1,70,,2990,0,23,1,30,,2991,0,23,1
1500,'3',934,,2992,0,23,1,70,,2993,0,23,1,30,,2994,0,23,1,70,,2995,0,23,1,30,,2996,0,23,1,70,,2997,0,23,1,30,,2998,0,23,1,70,,2999,0,23,1,30,,3000,0,23,1,70,,3001,0,23,1,30,,3002,0,23,1,70,,3003,0,23,1,30,,3004,0,23,1,70,,3005,0,23,1,30,,3006,0,23,1,70,,3007,0,23,1,30,,3008,0,23,1,70,,3009,0,23,1,30,,3010,0,23,1,70,,3011,0,23,1
1700,'1',554,,3306,0,25 26,1,70,,3307,0,25 26,1,30,,3308,0,25 26,1,65,,3304,0,25 26,1,5,,3309,0,25 26,1,30,,3310,0,25 26,1,70,,3311,0,25 26,1,30,,3312,0,25 26,1,70,,3313,0,25 26,1,30,,3314,0,25 26,1,70,,3315,0,25 26,1,30,,3316,0,25 26,1,71,,3317,0,25 26,1,30,,3318,0,25 26,1,70,,3319,0,25 26,1,30,,3320,0,25 26,1,70,,3321,0,25 26,1,31,,3322,0,25 26,1,70,,3323,0,25 26,1,30,,3324,0,25 26,1,70,,3325,0,25 26,1,29,,3326,0,25 26,1,70,,3327,0,25 26,1,30,,3328,0,25 26,1,70,,3329,0,25 26,1,30,,3330,0,25 26,1,70,,3331,0,25 26,1,29,,3332,0,25 26,1,70,,3333,0,25 26,1,30,,3334,0,25 26,1,70,,3335,0,25 26,1,30,,3336,0,25 26,1,70,,3337,0,25 26,1,30,,3338,0,25 26,1,70,,3339,0,25 26,1,30,,3340,0,25 26,1,70,,3341,0,25 26,1,30,,3342,0,25 26,1,70,,3343,0,25 26,1
1700,'2',554,,3381,0,25 26,1,70,,3380,0,25 26,1,30,,3379,0,25 26,1,71,,3378,0,25 26,1,30,,3377,0,25 26,1,70,,3376,0,25 26,1,30,,3375,0,25 26,1,70,,3374,0,25 26,1,30,,3373,0,25 26,1,70,,3372,0,25 26,1,30,,3371,0,25 26,1,70,,3370,0,25 26,1,30,,3369,0,25 26,1,70,,3368,0,25 26,1,30,,3367,0,25 26,1,70,,3366,0,25 26,1,31,,3365,0,25 26,1,70,,3364,0,25 26,1,30,,3363,0,25 26,1,70,,3362,0,25 26,1,30,,3361,0,25 26,1,70,,3360,0,25 26,1,31,,3359,0,25 26,1,70,,3358,0,25 26,1,30,,3357,0,25 26,1,70,,3356,0,25 26,1,29,,3355,0,25 26,1,70,,3354,0,25 26,1,30,,3353,0,25 26,1,70,,3352,0,25 26,1,30,,3351,0,25 26,1,70,,3350,0,25 26,1,30,,3349,0,25 26,1,70,,3348,0,25 26,1,28,,3347,0,25 26,1,70,,3346,0,25 26,1,30,,3345,0,25 26,1,70,,3344,0,25 26,1
1700,'3',955,,3384,0,25 26,1,70,,3385,0,25 26,1,30,,3386,0,25 26,1,70,,3387,0,25 26,1,30,,3388,0,25 26,1,70,,3389,0,25 26,1,30,,3390,0,25 26,1,70,,3391,0,25 26,1,30,,3392,0,25 26,1,70,,3393,0,25 26,1,30,,3394,0,25 26,1,70,,3395,0,25 26,1,30,,3396,0,25 26,1,70,,3397,0,25 26,1,30,,3398,0,25 26,1,70,,3399,0,25 26,1,30,,3400,0,25 26,1,70,,3401,0,25 26,1,30,,3402,0,25 26,1
1000400,'14802',2513,,4738,0,33 9 15,0,20,,4739,0,33 9 15,0,20,,4740,0,33 9 15,0,60,,4741,0,33 9 15,0,20,,4742,0,33 9 15,0
1000400,'7901',2533,,4743,0,33 9 15,0,80,,4744,0,33 9 15,0
1000400,'8001',2513,,4745,0,33 9 15,0,40,,4746,0,33 9 15,0,80,,4747,0,33 9 15,0
1000700,'14802',2515,,4778,0,17 18,1,20,,4779,0,17 18,1,20,,4780,0,17 18,1,60,,4781,0,17 18,1,20,,4782,0,17 18,1
1000700,'7901',2535,,4783,0,17 18,1,80,,4784,0,17 18,1
1000700,'8001',2515,,4785,0,17 18,1,40,,4786,0,17 18,1,80,,4787,0,17 18,1
