9901,'1',556,,4451,10,,,1,50,,4452,18,,,1,10,,4453,18,,,1,10,,4454,30,,,1,10,,4455,30,,,1,10,,4456,30,,,1,10,,4457,30,,,1,50,,4458,30,,,1,10,,4459,30,,,1,10,,4460,30,,,1,6,,4449,10,,,1,4,,4461,30,,,1,10,,4462,30,,,1,10,,4463,30,,,1,46,,4448,10,,,1,4,,4464,30,,,1,10,,4465,30,,,1,10,,4466,30,,,1,6,,4447,10,,,1,4,,4467,30,,,1,10,,4468,30,,,1,10,,4469,30,,,1,46,,4446,10,,,1,4,,4470,30,,,1,10,,4471,30,,,1,10,,4472,30,,,1,6,,4445,10,,,1,4,,4473,30,,,1,10,,4474,30,,,1,10,,4475,30,,,1,46,,4444,10,,,1,4,,4476,30,,,1,10,,4477,30,,,1,10,,4478,30,,,1,6,,4443,10,,,1,4,,4479,30,,,1,5,,4562,10,,,1,5,,4480,30,,,1,10,,4481,30,,,1,50,,4482,30,,,1,5,,4563,10,,,1,5,,4483,30,,,1,10,,4484,30,,,1,10,,4485,30,,,1,5,,4564,10,,,1,5,,4486,30,,,1,10,,4487,30,,,1,50,,4488,30,,,1,5,,4565,10,,,1,5,,4489,30,,,1,10,,4490,30,,,1,10,,4491,30,,,1,5,,4566,10,,,1,5,,4492,30,,,1,10,,4493,30,,,1,50,,4494,30,,,1,5,,4567,10,,,1,5,,4495,30,,,1,10,,4496,30,,,1,10,,4497,30,,,1,5,,4568,10,,,1,5,,4498,30,,,1,10,,4499,30,,,1,50,,4500,30,,,1,5,,4569,10,,,1,5,,4501,30,,,1,10,,4502,30,,,1,6,,4442,10,,,1,4,,4503,30,,,1,5,,4570,10,,,1,5,,4504,30,,,1,10,,4505,30,,,1,46,,4441,10,,,1,4,,4506,30,,,1,5,,4571,10,,,1,5,,4507,30,,,1,10,,4508,30,,,1,6,,4440,10,,,1,4,,4509,30,,,1,5,,4572,10,,,1,5,,4510,30,,,1,10,,4511,30,,,1,46,,4439,10,,,1,4,,4512,30,,,1,5,,4573,10,,,1,5,,4513,30,,,1,10,,4514,30,,,1,6,,4438,10,,,1,4,,4515,30,,,1,5,,4574,10,,,1,5,,4516,30,,,1,10,,4517,30,,,1,46,,4437,10,,,1,4,,4518,30,,,1,5,,4575,10,,,1,5,,4519,30,,,1,10,,4520,30,,,1,6,,4436,10,,,1,4,,4521,30,,,1,10,,4522,30,,,1,10,,4523,30,,,1,46,,4435,10,,,1,4,,4524,30,,,1,10,,4525,30,,,1,10,,4526,30,,,1,10,,4527,30,,,1,10,,4528,30,,,1,10,,4529,30,,,1,50,,4530,30,,,1,10,,4531,30,,,1,10,,4532,30,,,1,10,,4533,30,,,1,10,,4534,30,,,1,10,,4535,30,,,1,50,,4536,30,,,1,10,,4537,30,,,1,10,,4538,30,,,1,10,,4539,30,,,1,10,,4540,30,,,1,10,,4541,30,,,1,50,,4542,30,,,1,10,,4543,30,,,1,10,,4544,30,,,1,10,,4545,30,,,1,10,,4546,30,,,1,10,,4547,30,,,1,50,,4548,30,,,1,10,,4549,30,,,1,10,,4550,30,,,1,10,,4450,30,,,1,15,,4553,18,,,1,55,,4552,30,,,1,15,,4555,18,,,1,15,,4554,30,,,1,15,,4557,18,,,1,55,,4556,30,,,1,15,,4559,18,,,1,15,,4558,30,,,1
9901,'2',551,,4653,10,,,1,55,,4652,18,,,1,15,,4650,18,,,1,15,,4651,30,,,1,15,,4648,18,,,1,55,,4649,30,,,1,15,,4646,18,,,1,15,,4647,30,,,1,15,,4644,18,,,1,55,,4645,30,,,1,15,,4642,18,,,1,15,,4643,30,,,1,15,,4640,18,,,1,55,,4641,30,,,1,15,,4638,18,,,1,15,,4639,30,,,1,15,,4636,18,,,1,55,,4637,30,,,1,15,,4634,18,,,1,15,,4635,30,,,1,15,,4632,18,,,1,55,,4633,30,,,1,15,,4630,18,,,1,15,,4631,30,,,1,15,,4628,18,,,1,55,,4629,30,,,1,15,,4626,18,,,1,15,,4627,30,,,1,15,,4624,18,,,1,55,,4625,30,,,1,15,,4622,18,,,1,15,,4623,30,,,1,15,,4620,18,,,1,55,,4621,30,,,1,15,,4618,18,,,1,15,,4619,30,,,1,15,,4616,10,,,1,55,,4617,30,,,1,15,,4614,18,,,1,15,,4655,10,,,1,15,,4612,18,,,1,55,,4613,30,,,1,15,,4610,18,,,1,15,,4611,30,,,1,15,,4608,18,,,1,55,,4609,30,,,1,15,,4606,18,,,1,15,,4607,30,,,1,15,,4604,18,,,1,55,,4605,30,,,1,15,,4602,18,,,1,15,,4603,30,,,1,15,,4600,18,,,1,55,,4601,30,,,1,15,,4598,18,,,1,15,,4599,30,,,1,15,,4596,18,,,1,55,,4597,30,,,1,15,,4594,18,,,1,15,,4595,30,,,1,15,,4592,18,,,1,55,,4593,30,,,1,15,,4590,18,,,1,15,,4591,30,,,1,15,,4588,18,,,1,55,,4589,30,,,1,15,,4586,18,,,1,15,,4587,30,,,1,15,,4584,18,,,1,55,,4585,30,,,1,15,,4582,18,,,1,15,,4583,30,,,1,15,,4580,18,,,1,55,,4581,30,,,1,15,,4578,18,,,1,15,,4579,30,,,1
9901,'3',736,,4656,18,,,1,15,,4657,18,,,1,55,,4658,30,,,1,15,,4659,18,,,1,15,,4660,30,,,1,15,,4661,18,,,1,55,,4662,30,,,1,15,,4663,18,,,1,15,,4664,30,,,1,15,,4665,18,,,1,55,,4666,30,,,1,15,,4667,18,,,1,15,,4668,30,,,1,15,,4669,18,,,1,55,,4670,30,,,1,15,,4671,18,,,1,15,,4672,30,,,1,15,,4673,18,,,1,55,,4674,30,,,1,15,,4675,18,,,1,15,,4676,30,,,1,15,,4677,18,,,1,55,,4678,30,,,1,15,,4679,18,,,1,15,,4680,30,,,1,15,,4681,18,,,1,55,,4682,30,,,1,15,,4683,18,,,1,15,,4684,30,,,1,15,,4685,18,,,1,55,,4686,30,,,1,15,,4687,18,,,1,15,,4688,30,,,1,15,,4689,18,,,1,55,,4690,30,,,1,15,,4691,18,,,1,15,,4692,30,,,1,15,,4693,18,,,1,55,,4694,30,,,1,15,,4695,18,,,1,15,,4696,30,,,1,15,,4697,18,,,1,55,,4698,30,,,1,15,,4699,18,,,1,15,,4700,30,,,1,15,,4701,18,,,1,55,,4702,30,,,1,15,,4703,18,,,1,15,,4704,30,,,1,15,,4705,18,,,1,55,,4706,30,,,1,15,,4707,18,,,1,15,,4708,30,,,1,15,,4709,18,,,1,55,,4710,30,,,1,15,,4711,18,,,1,15,,4712,30,,,1,15,,4713,18,,,1,55,,4714,30,,,1,15,,4715,18,,,1,15,,4716,30,,,1
9901,'7',936,,4718,18,,,1,70,,4719,30,,,1,30,,4720,30,,,1,70,,4721,30,,,1,30,,4722,30,,,1,70,,4723,30,,,1,30,,4724,30,,,1,70,,4725,30,,,1,30,,4726,30,,,1,70,,4727,30,,,1,30,,4728,30,,,1,70,,4729,30,,,1,30,,4730,30,,,1,70,,4731,30,,,1,30,,4732,30,,,1,70,,4733,30,,,1,30,,4734,30,,,1,70,,4735,30,,,1,30,,4736,30,,,1,70,,4737,30,,,1
1000600,'14802',2522,,4758,10,0,24 29,0,20,,4759,10,0,24 29,0,60,,4760,10,0,24 29,0,20,,4761,10,0,24 29,0,20,,4762,10,0,24 29,0
1000600,'7901',2542,,4763,10,0,24 29,0,80,,4764,10,0,24 29,0
1000600,'8001',2522,,4765,10,0,24 29,0,80,,4766,10,0,24 29,0,40,,4767,10,0,24 29,0
1000900,'25201',1507,,4810,3,0,19 20 21,0,30,,4811,3,0,19 20 21,0,70,,4812,3,0,19 20 21,0,30,,4813,3,0,19 20 21,0,70,,4814,3,0,19 20 21,0,30,,4815,3,0,19 20 21,0,70,,4816,3,0,19 20 21,0,30,,4817,3,0,19 20 21,0,70,,4818,3,0,19 20 21,0,30,,4819,3,0,19 20 21,0
1119801,'14802',2531,,4855,18,,,1,70,,4856,18,,,1,30,,4857,18,,,1,70,,4858,18,,,1
1119801,'8001',2531,,4859,18,,,1,70,,4860,18,,,1,30,,4861,18,,,1,70,,4862,18,,,1
21005600,'12701',717,,5063,9,0,14 29,1,20,,5064,9,0,14 29,1,20,,5065,9,0,14 29,1,60,,5066,9,0,14 29,1,20,,5067,9,0,14 29,1,20,,5068,9,0,14 29,1,60,,5069,9,0,14 29,1,20,,5062,9,0,14 29,1,20,,5039,9,0,14 29,1,60,,5061,9,0,14 29,1,20,,5060,9,0,14 29,1,20,,5059,9,0,14 29,1,60,,5058,9,0,14 29,1,20,,5057,9,0,14 29,1,20,,5056,9,0,14 29,1,60,,5055,9,0,14 29,1,20,,5054,9,0,14 29,1,20,,5053,9,0,14 29,1,60,,5052,9,0,14 29,1,20,,5051,9,0,14 29,1,21,,5050,9,0,14 29,1,60,,5049,9,0,14 29,1,20,,5048,9,0,14 29,1,20,,5047,9,0,14 29,1,60,,5046,9,0,14 29,1,20,,5045,9,0,14 29,1,20,,5044,9,0,14 29,1,60,,5043,9,0,14 29,1,20,,5042,9,0,14 29,1,20,,5041,9,0,14 29,1,60,,5040,9,0,14 29,1,20,,5070,9,0,14 29,1,19,,5071,9,0,14 29,1,65,,5072,9,0,14 29,1,30,,5073,9,0,14 29,1,70,,5074,9,0,14 29,1,30,,5075,9,0,14 29,1,70,,5076,9,0,14 29,1,30,,5077,9,0,14 29,1
