101,'1',551,,97,0,24 23,1,70,,98,0,24 23,1,30,,99,0,24 23,1,70,,100,0,24 23,1,30,,101,0,24 23,1,70,,102,0,24 23,1,30,,103,0,24 23,1,70,,104,0,24 23,1,30,,105,0,24 23,1,70,,106,0,24 23,1,30,,107,0,24 23,1,70,,108,0,24 23,1,30,,109,0,24 23,1,70,,110,0,24 23,1,30,,111,0,24 23,1,70,,112,0,24 23,1,30,,113,0,24 23,1,70,,114,0,24 23,1,30,,115,0,24 23,1,70,,116,0,24 23,1,30,,117,0,24 23,1,70,,118,0,24 23,1,30,,119,0,24 23,1,70,,120,0,24 23,1,30,,121,0,24 23,1,70,,122,0,24 23,1,30,,123,0,24 23,1,70,,124,0,24 23,1,30,,125,0,24 23,1,70,,126,0,24 23,1,30,,127,0,24 23,1,70,,128,0,24 23,1,30,,129,0,24 23,1,70,,130,0,24 23,1,30,,131,0,24 23,1,70,,132,0,24 23,1,30,,133,0,24 23,1,70,,134,0,24 23,1
101,'2',551,,135,0,24 23,1,70,,136,0,24 23,1,30,,137,0,24 23,1,70,,138,0,24 23,1,30,,139,0,24 23,1,70,,140,0,24 23,1,30,,141,0,24 23,1,70,,142,0,24 23,1,30,,143,0,24 23,1,70,,144,0,24 23,1,30,,145,0,24 23,1,70,,146,0,24 23,1,30,,147,0,24 23,1,70,,148,0,24 23,1,30,,149,0,24 23,1,70,,150,0,24 23,1,30,,151,0,24 23,1,70,,152,0,24 23,1,30,,153,0,24 23,1,70,,154,0,24 23,1,30,,155,0,24 23,1,70,,156,0,24 23,1,30,,157,0,24 23,1,70,,158,0,24 23,1,30,,159,0,24 23,1,70,,160,0,24 23,1,30,,161,0,24 23,1,70,,162,0,24 23,1,30,,163,0,24 23,1,70,,164,0,24 23,1,30,,165,0,24 23,1,70,,166,0,24 23,1,30,,167,0,24 23,1,70,,168,0,24 23,1,30,,169,0,24 23,1,70,,170,0,24 23,1,30,,171,0,24 23,1,70,,172,0,24 23,1
101,'3',921,,173,0,24 23,1,30,,174,0,24 23,1,70,,175,0,24 23,1,30,,176,0,24 23,1,70,,177,0,24 23,1,30,,178,0,24 23,1,70,,179,0,24 23,1,30,,180,0,24 23,1,70,,181,0,24 23,1,30,,182,0,24 23,1,70,,183,0,24 23,1,30,,184,0,24 23,1,70,,185,0,24 23,1,30,,186,0,24 23,1,70,,187,0,24 23,1,30,,188,0,24 23,1,70,,189,0,24 23,1,30,,190,0,24 23,1,70,,191,0,24 23,1,30,,192,0,24 23,1
9901,'1',552,,4452,,,1,50,,4453,,,1,10,,4454,,,1,10,,4455,,,1,10,,4456,,,1,10,,4457,,,1,10,,4458,,,1,50,,4459,,,1,10,,4460,,,1,10,,4461,,,1,10,,4462,,,1,10,,4463,,,1,10,,4464,,,1,50,,4465,,,1,10,,4466,,,1,10,,4467,,,1,10,,4468,,,1,10,,4469,,,1,10,,4470,,,1,50,,4471,,,1,10,,4472,,,1,10,,4473,,,1,10,,4474,,,1,10,,4475,,,1,10,,4476,,,1,50,,4477,,,1,10,,4478,,,1,10,,4479,,,1,10,,4480,,,1,10,,4481,,,1,10,,4482,,,1,50,,4483,,,1,10,,4484,,,1,10,,4485,,,1,10,,4486,,,1,10,,4487,,,1,10,,4488,,,1,50,,4489,,,1,10,,4490,,,1,10,,4491,,,1,10,,4492,,,1,10,,4493,,,1,10,,4494,,,1,50,,4495,,,1,10,,4496,,,1,10,,4497,,,1,10,,4498,,,1,10,,4499,,,1,10,,4500,,,1,50,,4501,,,1,10,,4502,,,1,10,,4503,,,1,10,,4504,,,1,10,,4505,,,1,10,,4506,,,1,50,,4507,,,1,10,,4508,,,1,10,,4509,,,1,10,,4510,,,1,10,,4511,,,1,10,,4512,,,1,50,,4513,,,1,10,,4514,,,1,10,,4515,,,1,10,,4516,,,1,10,,4517,,,1,10,,4518,,,1,50,,4519,,,1,10,,4520,,,1,10,,4521,,,1,10,,4522,,,1,10,,4523,,,1,10,,4524,,,1,50,,4525,,,1,10,,4526,,,1,10,,4527,,,1,10,,4528,,,1,10,,4529,,,1,10,,4530,,,1,50,,4531,,,1,10,,4532,,,1,10,,4533,,,1,10,,4534,,,1,10,,4535,,,1,10,,4536,,,1,50,,4537,,,1,10,,4538,,,1,10,,4539,,,1,10,,4540,,,1,10,,4541,,,1,10,,4542,,,1,50,,4543,,,1,10,,4544,,,1,10,,4545,,,1,10,,4546,,,1,10,,4547,,,1,10,,4548,,,1,50,,4549,,,1,10,,4550,,,1,10,,4450,,,1,13,,4553,,,1,17,,4552,,,1,53,,4555,,,1,17,,4554,,,1,13,,4557,,,1,17,,4556,,,1,55,,4559,,,1,15,,4558,,,1,15,,4561,,,1
9901,'2',552,,4652,,,1,55,,4650,,,1,15,,4651,,,1,15,,4648,,,1,15,,4649,,,1,55,,4646,,,1,15,,4647,,,1,15,,4644,,,1,15,,4645,,,1,55,,4642,,,1,15,,4643,,,1,15,,4640,,,1,15,,4641,,,1,55,,4638,,,1,15,,4639,,,1,15,,4636,,,1,15,,4637,,,1,55,,4634,,,1,15,,4635,,,1,15,,4632,,,1,15,,4633,,,1,55,,4630,,,1,15,,4631,,,1,15,,4628,,,1,15,,4629,,,1,55,,4626,,,1,15,,4627,,,1,15,,4624,,,1,15,,4625,,,1,55,,4622,,,1,15,,4623,,,1,15,,4620,,,1,15,,4621,,,1,55,,4618,,,1,15,,4619,,,1,15,,4654,,,1,15,,4617,,,1,55,,4614,,,1,15,,4615,,,1,15,,4612,,,1,15,,4613,,,1,55,,4610,,,1,15,,4611,,,1,15,,4608,,,1,15,,4609,,,1,55,,4606,,,1,15,,4607,,,1,15,,4604,,,1,15,,4605,,,1,55,,4602,,,1,15,,4603,,,1,15,,4600,,,1,15,,4601,,,1,55,,4598,,,1,15,,4599,,,1,15,,4596,,,1,15,,4597,,,1,55,,4594,,,1,15,,4595,,,1,15,,4592,,,1,15,,4593,,,1,55,,4590,,,1,15,,4591,,,1,15,,4588,,,1,15,,4589,,,1,55,,4586,,,1,15,,4587,,,1,15,,4584,,,1,15,,4585,,,1,55,,4582,,,1,15,,4583,,,1,15,,4580,,,1,15,,4581,,,1,55,,4578,,,1,15,,4579,,,1,15,,4576,,,1
9901,'3',722,,4656,,,1,15,,4657,,,1,15,,4658,,,1,55,,4659,,,1,15,,4660,,,1,15,,4661,,,1,15,,4662,,,1,55,,4663,,,1,15,,4664,,,1,15,,4665,,,1,15,,4666,,,1,55,,4667,,,1,15,,4668,,,1,15,,4669,,,1,15,,4670,,,1,55,,4671,,,1,15,,4672,,,1,15,,4673,,,1,15,,4674,,,1,55,,4675,,,1,15,,4676,,,1,15,,4677,,,1,15,,4678,,,1,55,,4679,,,1,15,,4680,,,1,15,,4681,,,1,15,,4682,,,1,55,,4683,,,1,15,,4684,,,1,15,,4685,,,1,15,,4686,,,1,55,,4687,,,1,15,,4688,,,1,15,,4689,,,1,15,,4690,,,1,55,,4691,,,1,15,,4692,,,1,15,,4693,,,1,15,,4694,,,1,55,,4695,,,1,15,,4696,,,1,15,,4697,,,1,15,,4698,,,1,55,,4699,,,1,15,,4700,,,1,15,,4701,,,1,15,,4702,,,1,55,,4703,,,1,15,,4704,,,1,15,,4705,,,1,15,,4706,,,1,55,,4707,,,1,15,,4708,,,1,15,,4709,,,1,15,,4710,,,1,55,,4711,,,1,15,,4712,,,1,15,,4713,,,1,15,,4714,,,1,55,,4715,,,1,15,,4716,,,1,15,,4717,,,1
9901,'7',920,,4718,,,1,32,,4719,,,1,70,,4720,,,1,30,,4721,,,1,70,,4722,,,1,30,,4723,,,1,70,,4724,,,1,30,,4725,,,1,70,,4726,,,1,30,,4727,,,1,70,,4728,,,1,30,,4729,,,1,70,,4730,,,1,30,,4731,,,1,70,,4732,,,1,30,,4733,,,1,70,,4734,,,1,30,,4735,,,1,70,,4736,,,1,30,,4737,,,1
1000400,'14802',2508,,4738,0,33 9 15,0,17,,4739,0,33 9 15,0,20,,4740,0,33 9 15,0,60,,4741,0,33 9 15,0,20,,4742,0,33 9 15,0
1000400,'7901',2525,,4743,0,33 9 15,0,80,,4744,0,33 9 15,0
1000400,'8001',2508,,4745,0,33 9 15,0,37,,4746,0,33 9 15,0,80,,4747,0,33 9 15,0
1000700,'14802',2527,,4779,0,17 18,1,20,,4780,0,17 18,1,60,,4781,0,17 18,1,20,,4782,0,17 18,1
1000700,'7901',2527,,4783,0,17 18,1,80,,4784,0,17 18,1
1000700,'8001',2547,,4786,0,17 18,1,80,,4787,0,17 18,1
1119801,'14802',2516,,4855,,,1,30,,4856,,,1,70,,4857,,,1,30,,4858,,,1
1119801,'8001',2516,,4859,,,1,30,,4860,,,1,70,,4861,,,1,30,,4862,,,1
