'1',801,60010,0,'Janefield',0,3000,0,'Janefield',0,7000,0,'Janefield',0,3220,0,'Janefield',0,2000,0,'Janefield',0,6000,0,'Janefield',0,2000,0,'Janefield',0,2000,0,'Janefield',0,6000,0,'Janefield',0,2000,0,'Janefield',0,2000,0,'Janefield',0,6000,0,'Janefield',0,2000,0,'Janefield',0,2000,0,'Janefield',0,6000,0,'Janefield',0,2000,0,'Janefield',0,2000,0,'Janefield',0,6000,0,'Janefield',0,2000,0,'Janefield',0,2000,0,'Janefield',0,6000,0,'Janefield',0,2000,0,'Janefield',0,2000,0,'Janefield',0,6000,0,'Janefield',0,2000,0,'Janefield',0,2000,0,'Janefield',0,6000,0,'Janefield',0,2000,0,'Janefield',0,2000,0,'Janefield',0,6000,0,'Janefield',0,2000,0,'Janefield',0,2000,0,'Janefield',0,6000,0,'Janefield',0,2000,0,'Janefield',0,2000,0,'Janefield',0,6000,0,'Janefield',0,1780,0,'Janefield',0,7000,0,'Janefield',0,3000,0,'Janefield',0,7000,0,'Janefield',0,3000,0,'Janefield',0,7000,0,'Janefield',0,3000,0,'Janefield',0,7000,0,'Janefield',0,3000,0,'Janefield',0,7000,0,'Janefield',0,3000,0,'Janefield',0,7000,0,'Janefield',0,3000,0,'Janefield',0
'2',801,55910,0,'Janefield',0,7000,0,'Janefield',0,3000,0,'Janefield',0,7000,0,'Janefield',0,3000,0,'Janefield',0,7000,0,'Janefield',0,3000,0,'Janefield',0,7000,0,'Janefield',0,3000,0,'Janefield',0,7000,0,'Janefield',0,3000,0,'Janefield',0,7000,0,'Janefield',0,3000,0,'Janefield',0,7000,0,'Janefield',0,3000,0,'Janefield',0,7000,0,'Janefield',0,3000,0,'Janefield',0,7000,0,'Janefield',0,3000,0,'Janefield',0,7000,0,'Janefield',0,3000,0,'Janefield',0,7000,0,'Janefield',0,3000,0,'Janefield',0,7000,0,'Janefield',0,3000,0,'Janefield',0,7000,0,'Janefield',0,3000,0,'Janefield',0,7000,0,'Janefield',0,3000,0,'Janefield',0,7000,0,'Janefield',0,3000,0,'Janefield',0,7000,0,'Janefield',0,3000,0,'Janefield',0,7000,0,'Janefield',0,3000,0,'Janefield',0,7000,0,'Janefield',0,3000,0,'Janefield',0,7000,0,'Janefield',0
'3',801,92910,0,'Janefield',0,3000,0,'Janefield',0,7000,0,'Janefield',0,3000,0,'Janefield',0,7000,0,'Janefield',0,3000,0,'Janefield',0,7000,0,'Janefield',0,3000,0,'Janefield',0,7000,0,'Janefield',0,3000,0,'Janefield',0,7000,0,'Janefield',0,3000,0,'Janefield',0,7000,0,'Janefield',0,3000,0,'Janefield',0,7000,0,'Janefield',0,3000,0,'Janefield',0,7000,0,'Janefield',0,3000,0,'Janefield',0,7000,0,'Janefield',0,3000,0,'Janefield',0
'1',1700,55700,,'',1,7000,,'',1,3000,,'',1,6500,,'',1,500,,'',1,3000,,'',1,7000,,'',1,3000,,'',1,7000,,'',1,3000,,'',1,7000,,'',1,3000,,'',1,7210,,'',1,3000,,'',1,7000,,'',1,3000,,'',1,7000,,'',1,7100,,'',1,3000,,'',1,7000,,'',1,3000,,'',1,2790,,'',1,7000,,'',1,3000,,'',1,7000,,'',1,3000,,'',1,7000,,'',1,2900,,'',1,7000,,'',1,3000,,'',1,7000,,'',1,3000,,'',1,7000,,'',1,3000,,'',1,7000,,'',1,3000,,'',1,7000,,'',1,3000,,'',1,7000,,'',1
'2',1700,55700,,'',1,7000,,'',1,3000,,'',1,7200,,'',1,3000,,'',1,7000,,'',1,3000,,'',1,7000,,'',1,3000,,'',1,7010,,'',1,3000,,'',1,7000,,'',1,3000,,'',1,7000,,'',1,3000,,'',1,7000,,'',1,7100,,'',1,3000,,'',1,7000,,'',1,3000,,'',1,7000,,'',1,3000,,'',1,7100,,'',1,3000,,'',1,7000,,'',1,3000,,'',1,6890,,'',1,3000,,'',1,7000,,'',1,3000,,'',1,7000,,'',1,3000,,'',1,7000,,'',1,3000,,'',1,2700,,'',1,7000,,'',1,3000,,'',1,7000,,'',1
'3',1700,95750,,'',1,7000,,'',1,3000,,'',1,7000,,'',1,3000,,'',1,7100,,'',1,3000,,'',1,7000,,'',1,3000,,'',1,7000,,'',1,3000,,'',1,7000,,'',1,3000,,'',1,6900,,'',1,3000,,'',1,7000,,'',1,3000,,'',1,7000,,'',1,3000,,'',1
'5',1700,55800,,'',1,7000,,'',1,3000,,'',1,7000,,'',1,3000,,'',1,7000,,'',1,3000,,'',1,7000,,'',1,3000,,'',1,7000,,'',1,3000,,'',1,7000,,'',1,3000,,'',1,7000,,'',1,3000,,'',1,7000,,'',1,3000,,'',1,7000,,'',1,3000,,'',1,7000,,'',1,3000,,'',1,7000,,'',1,3000,,'',1,7000,,'',1,3000,,'',1,7000,,'',1
'14802',1000400,252450,,'',1,2000,,'',1,6000,,'',1,2000,,'',1,2000,,'',1
'7901',1000400,254450,,'',1,8000,,'',1
'8001',1000400,252450,,'',1,8000,,'',1,4000,,'',1
'3403',1000800,185600,,'',1,7500,,'',1,7500,,'',1,3500,,'',1,7500,,'',1,3500,,'',1,7500,,'',1,7500,,'',1,3500,,'',1,7500,,'',1,3500,,'',1,7500,,'',1
