1700,'1',558,,3305,4,,1,69,,3306,4,,1,73,,3307,4,,1,30,,3308,4,,1,25,,3304,4,,1,45,,3309,4,,1,30,,3310,4,,1,70,,3311,4,,1,25,,3312,4,,1,30,,3313,4,,1,70,,3314,4,,1,30,,3315,4,,1,70,,3316,4,,1,75,,3317,4,,1,30,,3318,4,,1,70,,3319,4,,1,30,,3320,4,,1,70,,3321,4,,1,35,,3322,4,,1,70,,3323,4,,1,30,,3324,4,,1,70,,3325,4,,1,25,,3326,4,,1,70,,3327,4,,1,30,,3328,4,,1,70,,3329,4,,1,30,,3330,4,,1,70,,3331,4,,1,30,,3332,4,,1,70,,3333,4,,1,30,,3334,4,,1,70,,3335,4,,1,27,,3303,4,,1,3,,3336,4,,1,70,,3337,4,,1,30,,3338,4,,1,70,,3339,4,,1,26,,3340,4,,1,30,,3341,4,,1,70,,3342,4,,1
1700,'2',552,,3382,4,,1,72,,3381,4,,1,30,,3380,4,,1,70,,3379,4,,1,33,,3378,4,,1,70,,3377,4,,1,30,,3376,4,,1,70,,3375,4,,1,30,,3374,4,,1,70,,3373,4,,1,31,,3372,4,,1,70,,3371,4,,1,30,,3370,4,,1,70,,3369,4,,1,30,,3368,4,,1,70,,3367,4,,1,30,,3366,4,,1,74,,3365,4,,1,70,,3364,4,,1,30,,3363,4,,1,70,,3362,4,,1,30,,3361,4,,1,70,,3360,4,,1,33,,3359,4,,1,70,,3358,4,,1,30,,3357,4,,1,70,,3356,4,,1,24,,3355,4,,1,30,,3354,4,,1,70,,3353,4,,1,30,,3352,4,,1,70,,3351,4,,1,30,,3350,4,,1,70,,3349,4,,1,30,,3348,4,,1,66,,3347,4,,1,30,,3346,4,,1,70,,3345,4,,1
1700,'3',954,,3383,4,,1,69,,3384,4,,1,30,,3385,4,,1,70,,3386,4,,1,30,,3387,4,,1,70,,3388,4,,1,32,,3389,4,,1,70,,3390,4,,1,30,,3391,4,,1,70,,3392,4,,1,30,,3393,4,,1,70,,3394,4,,1,30,,3395,4,,1,70,,3396,4,,1,27,,3397,4,,1,70,,3398,4,,1,30,,3399,4,,1,70,,3400,4,,1,30,,3401,4,,1
1701,'1',600,,3404,0,25 26,0,29,,3405,0,25 26,0,73,,3406,0,25 26,0,30,,3407,0,25 26,0,70,,3408,0,25 26,0,30,,3409,0,25 26,0,70,,3410,0,25 26,0,26,,3411,0,25 26,0,30,,3412,0,25 26,0,70,,3413,0,25 26,0,30,,3414,0,25 26,0,70,,3415,0,25 26,0,75,,3416,0,25 26,0,30,,3417,0,25 26,0,70,,3418,0,25 26,0,30,,3419,0,25 26,0,70,,3420,0,25 26,0,35,,3421,0,25 26,0,70,,3422,0,25 26,0,30,,3423,0,25 26,0,70,,3424,0,25 26,0,26,,3425,0,25 26,0,70,,3426,0,25 26,0,30,,3427,0,25 26,0,70,,3428,0,25 26,0,30,,3429,0,25 26,0,70,,3430,0,25 26,0,28,,3431,0,25 26,0,70,,3432,0,25 26,0,30,,3433,0,25 26,0,70,,3434,0,25 26,0,27,,3435,0,25 26,0,3,,3436,0,25 26,0,70,,3437,0,25 26,0,30,,3438,0,25 26,0,70,,3439,0,25 26,0,27,,3440,0,25 26,0,30,,3441,0,25 26,0,70,,3442,0,25 26,0
1701,'2',558,,3444,0,25 26,0,72,,3445,0,25 26,0,70,,3446,0,25 26,0,30,,3447,0,25 26,0,71,,3448,0,25 26,0,30,,3449,0,25 26,0,70,,3450,0,25 26,0,30,,3451,0,25 26,0,70,,3452,0,25 26,0,30,,3453,0,25 26,0,72,,3454,0,25 26,0,30,,3455,0,25 26,0,70,,3456,0,25 26,0,30,,3457,0,25 26,0,70,,3458,0,25 26,0,30,,3459,0,25 26,0,70,,3460,0,25 26,0,34,,3461,0,25 26,0,70,,3462,0,25 26,0,30,,3463,0,25 26,0,70,,3464,0,25 26,0,30,,3465,0,25 26,0,70,,3466,0,25 26,0,33,,3467,0,25 26,0,70,,3468,0,25 26,0,30,,3469,0,25 26,0,70,,3470,0,25 26,0,29,,3471,0,25 26,0,70,,3472,0,25 26,0,30,,3473,0,25 26,0,70,,3474,0,25 26,0,30,,3475,0,25 26,0,70,,3476,0,25 26,0,30,,3477,0,25 26,0,70,,3478,0,25 26,0,19,,3479,0,25 26,0,30,,3480,0,25 26,0,70,,3481,0,25 26,0
1701,'3',1004,,3483,0,25 26,0,29,,3484,0,25 26,0,70,,3485,0,25 26,0,30,,3486,0,25 26,0,70,,3487,0,25 26,0,30,,3488,0,25 26,0,72,,3489,0,25 26,0,30,,3490,0,25 26,0,70,,3491,0,25 26,0,30,,3492,0,25 26,0,70,,3493,0,25 26,0,30,,3494,0,25 26,0,70,,3495,0,25 26,0,30,,3496,0,25 26,0,67,,3497,0,25 26,0,30,,3498,0,25 26,0,70,,3499,0,25 26,0,30,,3500,0,25 26,0,70,,3501,0,25 26,0
1800,'1',557,,3502,4,,1,67,,3541,4,,0,3,,3503,4,,1,30,,3504,4,,1,69,,3505,4,,1,30,,3506,4,,1,70,,3507,4,,1,30,,3508,4,,1,70,,3509,4,,1,30,,3510,4,,1,72,,3511,4,,1,30,,3512,4,,1,70,,3513,4,,1,30,,3514,4,,1,70,,3515,4,,1,30,,3516,4,,1,70,,3517,4,,1,30,,3518,4,,1,70,,3519,4,,1,30,,3520,4,,1,70,,3521,4,,1,30,,3522,4,,1,70,,3523,4,,1,30,,3524,4,,1,70,,3525,4,,1,30,,3526,4,,1,68,,3527,4,,1,30,,3528,4,,1,70,,3529,4,,1,30,,3530,4,,1,70,,3531,4,,1,30,,3532,4,,1,70,,3533,4,,1,30,,3534,4,,1,70,,3535,4,,1,30,,3536,4,,1,70,,3537,4,,1,30,,3538,4,,1,70,,3539,4,,1
1800,'2',557,,3542,4,,1,70,,3543,4,,1,30,,3544,4,,1,68,,3545,4,,1,30,,3546,4,,1,70,,3547,4,,1,30,,3548,4,,1,70,,3549,4,,1,30,,3550,4,,1,73,,3551,4,,1,30,,3552,4,,1,70,,3553,4,,1,30,,3554,4,,1,70,,3555,4,,1,30,,3556,4,,1,70,,3557,4,,1,30,,3558,4,,1,70,,3559,4,,1,30,,3560,4,,1,70,,3561,4,,1,30,,3562,4,,1,70,,3563,4,,1,30,,3564,4,,1,70,,3565,4,,1,30,,3566,4,,1,68,,3567,4,,1,30,,3568,4,,1,70,,3569,4,,1,30,,3570,4,,1,70,,3571,4,,1,30,,3572,4,,1,70,,3573,4,,1,30,,3574,4,,1,70,,3575,4,,1,30,,3576,4,,1,70,,3577,4,,1,30,,3578,4,,1,70,,3579,4,,1
1800,'3',926,,3581,4,,1,30,,3582,4,,1,70,,3583,4,,1,30,,3584,4,,1,70,,3585,4,,1,30,,3586,4,,1,70,,3587,4,,1,30,,3588,4,,1,70,,3589,4,,1,30,,3590,4,,1,70,,3591,4,,1,30,,3592,4,,1,70,,3593,4,,1,30,,3594,4,,1,70,,3595,4,,1,30,,3596,4,,1,70,,3597,4,,1,30,,3598,4,,1,70,,3599,4,,1,30,,3600,4,,1
1801,'1',600,,3603,0,26 25,0,27,,3604,0,26 25,0,3,,3605,0,26 25,0,70,,3606,0,26 25,0,29,,3607,0,26 25,0,30,,3608,0,26 25,0,70,,3609,0,26 25,0,30,,3610,0,26 25,0,70,,3611,0,26 25,0,30,,3612,0,26 25,0,72,,3613,0,26 25,0,70,,3614,0,26 25,0,30,,3615,0,26 25,0,70,,3616,0,26 25,0,30,,3617,0,26 25,0,70,,3618,0,26 25,0,30,,3619,0,26 25,0,70,,3620,0,26 25,0,30,,3621,0,26 25,0,70,,3622,0,26 25,0,30,,3623,0,26 25,0,70,,3624,0,26 25,0,30,,3625,0,26 25,0,70,,3626,0,26 25,0,30,,3627,0,26 25,0,70,,3628,0,26 25,0,29,,3629,0,26 25,0,70,,3630,0,26 25,0,30,,3631,0,26 25,0,70,,3632,0,26 25,0,30,,3633,0,26 25,0,70,,3634,0,26 25,0,30,,3635,0,26 25,0,70,,3636,0,26 25,0,30,,3637,0,26 25,0,70,,3638,0,26 25,0,30,,3639,0,26 25,0,29,,3640,0,26 25,0,71,,3641,0,26 25,0
1801,'2',600,,3643,0,26 25,0,30,,3644,0,26 25,0,70,,3645,0,26 25,0,29,,3646,0,26 25,0,30,,3647,0,26 25,0,70,,3648,0,26 25,0,30,,3649,0,26 25,0,70,,3650,0,26 25,0,30,,3651,0,26 25,0,71,,3652,0,26 25,0,70,,3653,0,26 25,0,30,,3654,0,26 25,0,70,,3655,0,26 25,0,30,,3656,0,26 25,0,70,,3657,0,26 25,0,30,,3658,0,26 25,0,70,,3659,0,26 25,0,30,,3660,0,26 25,0,70,,3661,0,26 25,0,30,,3662,0,26 25,0,70,,3663,0,26 25,0,30,,3664,0,26 25,0,70,,3665,0,26 25,0,30,,3666,0,26 25,0,70,,3667,0,26 25,0,30,,3668,0,26 25,0,70,,3669,0,26 25,0,30,,3670,0,26 25,0,70,,3671,0,26 25,0,30,,3672,0,26 25,0,70,,3673,0,26 25,0,30,,3674,0,26 25,0,70,,3675,0,26 25,0,30,,3676,0,26 25,0,70,,3677,0,26 25,0,30,,3678,0,26 25,0,29,,3679,0,26 25,0,71,,3680,0,26 25,0
1801,'3',930,,3682,0,26 25,0,70,,3683,0,26 25,0,30,,3684,0,26 25,0,70,,3685,0,26 25,0,30,,3686,0,26 25,0,70,,3687,0,26 25,0,30,,3688,0,26 25,0,70,,3689,0,26 25,0,30,,3690,0,26 25,0,70,,3691,0,26 25,0,30,,3692,0,26 25,0,70,,3693,0,26 25,0,30,,3694,0,26 25,0,70,,3695,0,26 25,0,30,,3696,0,26 25,0,70,,3697,0,26 25,0,30,,3698,0,26 25,0,70,,3699,0,26 25,0,30,,3700,0,26 25,0,70,,3701,0,26 25,0
