'1',272800,55700,4,'',1,5000,4,'',1,1000,4,'',1,1000,4,'',1,1000,4,'',1,1000,4,'',1,1000,4,'',1,5000,4,'',1,1000,4,'',1,1000,4,'',1,1000,4,'',1,1000,4,'',1,1000,4,'',1,5000,4,'',1,1000,4,'',1,1000,4,'',1,1000,4,'',1,1000,4,'',1,1000,4,'',1,5000,4,'',1,1000,4,'',1,1000,4,'',1,1000,4,'',1,1000,4,'',1,1000,4,'',1,5000,4,'',1,1000,4,'',1,1000,4,'',1,1000,4,'',1,1000,4,'',1,1000,4,'',1,5000,4,'',1,1000,4,'',1,1000,4,'',1,1000,4,'',1,1000,4,'',1,1000,4,'',1,5000,4,'',1,1000,4,'',1,1000,4,'',1,1000,4,'',1,1000,4,'',1,1000,4,'',1,5000,4,'',1,1000,4,'',1,1000,4,'',1,1000,4,'',1,1000,4,'',1,1000,4,'',1,5000,4,'',1,1000,4,'',1,1000,4,'',1,1000,4,'',1,1000,4,'',1,1000,4,'',1,5000,4,'',1,1000,4,'',1,1000,4,'',1,1000,4,'',1,1000,4,'',1,1000,4,'',1,5000,4,'',1,1000,4,'',1,1000,4,'',1,1000,4,'',1,1000,4,'',1,1000,4,'',1,5000,4,'',1,1000,4,'',1,1000,4,'',1,1000,4,'',1,1000,4,'',1,1000,4,'',1,5000,4,'',1,1000,4,'',1,1000,4,'',1,1000,4,'',1,1000,4,'',1,1000,4,'',1,5000,4,'',1,1000,4,'',1,1000,4,'',1,1000,4,'',1,1000,4,'',1,1000,4,'',1,5000,4,'',1,1000,4,'',1,1000,4,'',1,1000,4,'',1,1000,4,'',1,1000,4,'',1,5000,4,'',1,1000,4,'',1,1000,4,'',1,1000,4,'',1,1000,4,'',1,1000,4,'',1,5500,4,'',1,1500,4,'',1,3000,4,'',1,7000,4,'',1,3000,4,'',1,7000,4,'',1
'1',272801,55000,,'',1,5000,,'',1,1000,,'',1,1000,,'',1,1000,,'',1,1000,,'',1,1000,,'',1,5000,,'',1,1000,,'',1,1000,,'',1,1000,,'',1,1000,,'',1,1000,,'',1,5000,,'',1,1000,,'',1,1000,,'',1,1000,,'',1,1000,,'',1,1000,,'',1,5000,,'',1,1000,,'',1,1000,,'',1,1000,,'',1,1000,,'',1,1000,,'',1,5000,,'',1,1000,,'',1,1000,,'',1,1000,,'',1,1000,,'',1,1000,,'',1,5000,,'',1,1000,,'',1,1000,,'',1,1000,,'',1,1000,,'',1,1000,,'',1,5000,,'',1,1000,,'',1,1000,,'',1,1000,,'',1,1000,,'',1,1000,,'',1,5000,,'',1,1000,,'',1,1000,,'',1,1000,,'',1,1000,,'',1,1000,,'',1,5000,,'',1,1000,,'',1,1000,,'',1,1000,,'',1,1000,,'',1,1000,,'',1,5000,,'',1,1000,,'',1,1000,,'',1,1000,,'',1,1000,,'',1,1000,,'',1,5000,,'',1,1000,,'',1,1000,,'',1,1000,,'',1,1000,,'',1,1000,,'',1,5000,,'',1,1000,,'',1,1000,,'',1,1000,,'',1,1000,,'',1,1000,,'',1,5000,,'',1,1000,,'',1,1000,,'',1,1000,,'',1,1000,,'',1,1000,,'',1,5000,,'',1,1000,,'',1,1000,,'',1,1000,,'',1,1000,,'',1,1000,,'',1,5000,,'',1,1000,,'',1,1000,,'',1,1000,,'',1,1000,,'',1,1000,,'',1,5000,,'',1,1000,,'',1,1000,,'',1,1000,,'',1,1000,,'',1,1000,,'',1,5000,,'',1,1500,,'',1,1500,,'',1,7000,,'',1,3000,,'',1,7000,,'',1,3000,,'',1
'2',272800,55700,4,'',1,7000,4,'',1,3000,4,'',1,7000,4,'',1,3000,4,'',1,7000,4,'',1,3000,4,'',1,7000,4,'',1,3000,4,'',1,7000,4,'',1,3000,4,'',1,7000,4,'',1,3000,4,'',1,7000,4,'',1,3000,4,'',1,7000,4,'',1,3000,4,'',1,7000,4,'',1,3000,4,'',1,7000,4,'',1,3000,4,'',1,7000,4,'',1,3000,4,'',1,7000,4,'',1,3000,4,'',1,7000,4,'',1,3000,4,'',1,7000,4,'',1,3000,4,'',1,7000,4,'',1,3000,4,'',1,7000,4,'',1,3000,4,'',1,7000,4,'',1,3000,4,'',1,7000,4,'',1,3000,4,'',1,7000,4,'',1
'2',272801,60000,,'',1,3000,,'',1,7000,,'',1,3000,,'',1,7000,,'',1,3000,,'',1,7000,,'',1,3000,,'',1,7000,,'',1,3000,,'',1,7000,,'',1,3000,,'',1,7000,,'',1,3000,,'',1,7000,,'',1,3000,,'',1,7000,,'',1,3000,,'',1,7000,,'',1,3000,,'',1,7000,,'',1,3000,,'',1,7000,,'',1,3000,,'',1,7000,,'',1,3000,,'',1,7000,,'',1,3000,,'',1,7000,,'',1,3000,,'',1,7000,,'',1,3000,,'',1,7000,,'',1,3000,,'',1,7000,,'',1,3000,,'',1,7000,,'',1,3000,,'',1
'3',272800,72700,4,'',1,3000,4,'',1,7000,4,'',1,3000,4,'',1,7000,4,'',1,3000,4,'',1,7000,4,'',1,3000,4,'',1,7000,4,'',1,3000,4,'',1,7000,4,'',1,3000,4,'',1,7000,4,'',1,3000,4,'',1,7000,4,'',1,3000,4,'',1,7000,4,'',1,3000,4,'',1,7000,4,'',1,3000,4,'',1,7000,4,'',1,3000,4,'',1,7000,4,'',1,3000,4,'',1,7000,4,'',1,3000,4,'',1,7000,4,'',1,3000,4,'',1,7000,4,'',1,3000,4,'',1,7000,4,'',1
'3',272801,73000,,'',1,7000,,'',1,3000,,'',1,7000,,'',1,3000,,'',1,7000,,'',1,3000,,'',1,7000,,'',1,3000,,'',1,7000,,'',1,3000,,'',1,7000,,'',1,3000,,'',1,7000,,'',1,3000,,'',1,7000,,'',1,3000,,'',1,7000,,'',1,3000,,'',1,7000,,'',1,3000,,'',1,7000,,'',1,3000,,'',1,7000,,'',1,3000,,'',1,7000,,'',1,3000,,'',1,7000,,'',1,3000,,'',1,7000,,'',1
'4',272800,92700,4,'',1,3000,4,'',1,7000,4,'',1,3000,4,'',1,7000,4,'',1,3000,4,'',1,7000,4,'',1,3000,4,'',1,7000,4,'',1,3000,4,'',1,7000,4,'',1,3000,4,'',1,7000,4,'',1,3000,4,'',1,7000,4,'',1,3000,4,'',1,7000,4,'',1,3000,4,'',1,7000,4,'',1,3000,4,'',1,7000,4,'',1,3000,4,'',1,7000,4,'',1,3000,4,'',1,7000,4,'',1,3000,4,'',1,7000,4,'',1,3000,4,'',1,7000,4,'',1,3000,4,'',1
'4',272801,93200,,'',1,7000,,'',1,3000,,'',1,7000,,'',1,3000,,'',1,7000,,'',1,3000,,'',1,7000,,'',1,3000,,'',1,7000,,'',1,3000,,'',1,7000,,'',1,3000,,'',1,7000,,'',1,3000,,'',1,7000,,'',1,3000,,'',1,7000,,'',1,3000,,'',1,7000,,'',1,3000,,'',1,7000,,'',1,3000,,'',1,7000,,'',1,3000,,'',1,7000,,'',1,3000,,'',1,7000,,'',1,3000,,'',1,7000,,'',1
'7',272800,92700,4,'',1,3000,4,'',1,7000,4,'',1,3000,4,'',1,7000,4,'',1,3000,4,'',1,7000,4,'',1,3000,4,'',1,7000,4,'',1,3000,4,'',1,7000,4,'',1,3000,4,'',1,7000,4,'',1,3000,4,'',1,7000,4,'',1,3000,4,'',1,7000,4,'',1,3000,4,'',1,7000,4,'',1,3000,4,'',1
'7',272801,93200,,'',1,7000,,'',1,3000,,'',1,7000,,'',1,3000,,'',1,7000,,'',1,3000,,'',1,7000,,'',1,3000,,'',1,7000,,'',1,3000,,'',1,7000,,'',1,3000,,'',1,7000,,'',1,3000,,'',1,7000,,'',1,3000,,'',1,7000,,'',1,3000,,'',1
'4',279300,200900,,'',1,1000,,'',1,2000,,'',1,1000,,'',1,6000,,'',1,1000,,'',1,2000,,'',1,1000,,'',1,6000,,'',1,1000,,'',1,2000,,'',1,1000,,'',1,6000,,'',1,1000,,'',1,2000,,'',1,1000,,'',1,6000,,'',1,1000,,'',1
'24602',279400,124300,,'',1,7000,,'',1,3000,,'',1,7000,,'',1,3000,,'',1,7000,,'',1,3000,,'',1,7000,,'',1,3000,,'',1,7000,,'',1,3000,,'',1,7000,,'',1,3000,,'',1,7000,,'',1,3000,,'',1,7000,,'',1,3000,,'',1,7000,,'',1,3000,,'',1,7000,,'',1,3000,,'',1,7000,,'',1
