9901,'1',550,,4452,6,,,1,50,,4453,6,,,1,10,,4454,18,,,1,10,,4455,18,,,1,10,,4456,18,,,1,10,,4457,18,,,1,10,,4458,18,,,1,50,,4459,18,,,1,10,,4460,18,,,1,10,,4461,18,,,1,10,,4462,18,,,1,10,,4463,18,,,1,10,,4464,18,,,1,50,,4465,18,,,1,10,,4466,18,,,1,10,,4467,18,,,1,10,,4468,18,,,1,10,,4469,18,,,1,10,,4470,18,,,1,50,,4471,18,,,1,10,,4472,18,,,1,10,,4473,18,,,1,10,,4474,18,,,1,10,,4475,18,,,1,10,,4476,18,,,1,50,,4477,18,,,1,10,,4478,18,,,1,10,,4479,18,,,1,10,,4480,18,,,1,10,,4481,18,,,1,10,,4482,18,,,1,50,,4483,18,,,1,10,,4484,18,,,1,10,,4485,18,,,1,10,,4486,18,,,1,10,,4487,18,,,1,10,,4488,18,,,1,50,,4489,18,,,1,10,,4490,18,,,1,10,,4491,18,,,1,10,,4492,18,,,1,10,,4493,18,,,1,10,,4494,18,,,1,50,,4495,18,,,1,10,,4496,18,,,1,10,,4497,18,,,1,10,,4498,18,,,1,10,,4499,18,,,1,10,,4500,18,,,1,50,,4501,18,,,1,10,,4502,18,,,1,10,,4503,18,,,1,10,,4504,18,,,1,10,,4505,18,,,1,10,,4506,18,,,1,50,,4507,18,,,1,10,,4508,18,,,1,10,,4509,18,,,1,10,,4510,18,,,1,10,,4511,18,,,1,10,,4512,18,,,1,50,,4513,18,,,1,10,,4514,18,,,1,10,,4515,18,,,1,10,,4516,18,,,1,10,,4517,18,,,1,10,,4518,18,,,1,50,,4519,18,,,1,10,,4520,18,,,1,10,,4521,18,,,1,10,,4522,18,,,1,10,,4523,18,,,1,10,,4524,18,,,1,50,,4525,18,,,1,10,,4526,18,,,1,10,,4527,18,,,1,10,,4528,18,,,1,10,,4529,18,,,1,10,,4530,18,,,1,50,,4531,18,,,1,10,,4532,18,,,1,10,,4533,18,,,1,10,,4534,18,,,1,10,,4535,18,,,1,10,,4536,18,,,1,50,,4537,18,,,1,10,,4538,18,,,1,10,,4539,18,,,1,10,,4540,18,,,1,10,,4541,18,,,1,10,,4542,18,,,1,50,,4543,18,,,1,10,,4544,18,,,1,10,,4545,18,,,1,10,,4546,18,,,1,10,,4547,18,,,1,10,,4548,18,,,1,50,,4549,18,,,1,10,,4550,18,,,1,10,,4450,18,,,1,15,,4553,6,,,1,15,,4552,18,,,1,55,,4555,6,,,1,15,,4554,18,,,1,15,,4557,6,,,1,15,,4556,18,,,1,55,,4559,6,,,1,15,,4558,18,,,1,15,,4561,6,,,1
9901,'2',550,,4652,6,,,1,55,,4650,6,,,1,15,,4651,18,,,1,15,,4648,6,,,1,15,,4649,18,,,1,55,,4646,6,,,1,15,,4647,18,,,1,15,,4644,6,,,1,15,,4645,18,,,1,55,,4642,6,,,1,15,,4643,18,,,1,15,,4640,6,,,1,15,,4641,18,,,1,55,,4638,6,,,1,15,,4639,18,,,1,15,,4636,6,,,1,15,,4637,18,,,1,55,,4634,6,,,1,15,,4635,18,,,1,15,,4632,6,,,1,15,,4633,18,,,1,55,,4630,6,,,1,15,,4631,18,,,1,15,,4628,6,,,1,15,,4629,18,,,1,55,,4626,6,,,1,15,,4627,18,,,1,15,,4624,6,,,1,15,,4625,18,,,1,55,,4622,6,,,1,15,,4623,18,,,1,15,,4620,6,,,1,15,,4621,18,,,1,55,,4618,6,,,1,15,,4619,18,,,1,15,,4654,6,,,1,15,,4617,18,,,1,55,,4614,6,,,1,15,,4615,18,,,1,15,,4612,6,,,1,15,,4613,18,,,1,55,,4610,6,,,1,15,,4611,18,,,1,15,,4608,6,,,1,15,,4609,18,,,1,55,,4606,6,,,1,15,,4607,18,,,1,15,,4604,6,,,1,15,,4605,18,,,1,55,,4602,6,,,1,15,,4603,18,,,1,15,,4600,6,,,1,15,,4601,18,,,1,55,,4598,6,,,1,15,,4599,18,,,1,15,,4596,6,,,1,15,,4597,18,,,1,55,,4594,6,,,1,15,,4595,18,,,1,15,,4592,6,,,1,15,,4593,18,,,1,55,,4590,6,,,1,15,,4591,18,,,1,15,,4588,6,,,1,15,,4589,18,,,1,55,,4586,6,,,1,15,,4587,18,,,1,15,,4584,6,,,1,15,,4585,18,,,1,55,,4582,6,,,1,15,,4583,18,,,1,15,,4580,6,,,1,15,,4581,18,,,1,55,,4578,6,,,1,15,,4579,18,,,1,15,,4576,6,,,1
9901,'3',720,,4656,6,,,1,15,,4657,6,,,1,15,,4658,18,,,1,55,,4659,6,,,1,15,,4660,18,,,1,15,,4661,6,,,1,15,,4662,18,,,1,55,,4663,6,,,1,15,,4664,18,,,1,15,,4665,6,,,1,15,,4666,18,,,1,55,,4667,6,,,1,15,,4668,18,,,1,15,,4669,6,,,1,15,,4670,18,,,1,55,,4671,6,,,1,15,,4672,18,,,1,15,,4673,6,,,1,15,,4674,18,,,1,55,,4675,6,,,1,15,,4676,18,,,1,15,,4677,6,,,1,15,,4678,18,,,1,55,,4679,6,,,1,15,,4680,18,,,1,15,,4681,6,,,1,15,,4682,18,,,1,55,,4683,6,,,1,15,,4684,18,,,1,15,,4685,6,,,1,15,,4686,18,,,1,55,,4687,6,,,1,15,,4688,18,,,1,15,,4689,6,,,1,15,,4690,18,,,1,55,,4691,6,,,1,15,,4692,18,,,1,15,,4693,6,,,1,15,,4694,18,,,1,55,,4695,6,,,1,15,,4696,18,,,1,15,,4697,6,,,1,15,,4698,18,,,1,55,,4699,6,,,1,15,,4700,18,,,1,15,,4701,6,,,1,15,,4702,18,,,1,55,,4703,6,,,1,15,,4704,18,,,1,15,,4705,6,,,1,15,,4706,18,,,1,55,,4707,6,,,1,15,,4708,18,,,1,15,,4709,6,,,1,15,,4710,18,,,1,55,,4711,6,,,1,15,,4712,18,,,1,15,,4713,6,,,1,15,,4714,18,,,1,55,,4715,6,,,1,15,,4716,18,,,1,15,,4717,6,,,1
9901,'7',920,,4718,6,,,1,30,,4719,18,,,1,70,,4720,18,,,1,30,,4721,18,,,1,70,,4722,18,,,1,30,,4723,18,,,1,70,,4724,18,,,1,30,,4725,18,,,1,70,,4726,18,,,1,30,,4727,18,,,1,70,,4728,18,,,1,30,,4729,18,,,1,70,,4730,18,,,1,30,,4731,18,,,1,70,,4732,18,,,1,30,,4733,18,,,1,70,,4734,18,,,1,30,,4735,18,,,1,70,,4736,18,,,1,30,,4737,18,,,1
1000400,'14802',2508,,4738,4,0,33 9 15,0,15,,4739,5,0,33 9 15,0,20,,4740,5,0,33 9 15,0,60,,4741,5,0,33 9 15,0,20,,4742,5,0,33 9 15,0
1000400,'7901',2523,,4743,5,0,33 9 15,0,80,,4744,5,0,33 9 15,0
1000400,'8001',2508,,4745,4,0,33 9 15,0,35,,4746,5,0,33 9 15,0,80,,4747,5,0,33 9 15,0
1000700,'14802',2524,,4779,4,0,17 18,1,20,,4780,4,0,17 18,1,60,,4781,4,0,17 18,1,20,,4782,4,0,17 18,1
1000700,'7901',2524,,4783,4,0,17 18,1,80,,4784,4,0,17 18,1
1000700,'8001',2544,,4786,4,0,17 18,1,80,,4787,4,0,17 18,1
1119801,'14802',2514,,4855,6,,,1,30,,4856,6,,,1,70,,4857,6,,,1,30,,4858,6,,,1
1119801,'8001',2514,,4859,6,,,1,30,,4860,6,,,1,70,,4861,6,,,1,30,,4862,6,,,1
