100,'1',605,,1,0,24 23,1,30,,2,0,24 23,1,70,,3,0,24 23,1,30,,4,0,24 23,1,70,,5,0,24 23,1,30,,6,0,24 23,1,70,,7,0,24 23,1,30,,8,0,24 23,1,70,,9,0,24 23,1,30,,10,0,24 23,1,70,,11,0,24 23,1,30,,12,0,24 23,1,70,,13,0,24 23,1,30,,14,0,24 23,1,70,,15,0,24 23,1,30,,16,0,24 23,1,70,,17,0,24 23,1,30,,18,0,24 23,1,70,,19,0,24 23,1,30,,20,0,24 23,1,70,,21,0,24 23,1,30,,22,0,24 23,1,70,,23,0,24 23,1,30,,24,0,24 23,1,70,,25,0,24 23,1,30,,26,0,24 23,1,70,,27,0,24 23,1,30,,28,0,24 23,1,70,,29,0,24 23,1,30,,30,0,24 23,1,70,,31,0,24 23,1,30,,32,0,24 23,1,70,,33,0,24 23,1,30,,34,0,24 23,1,70,,35,0,24 23,1,30,,36,0,24 23,1,70,,37,0,24 23,1,30,,38,0,24 23,1
100,'2',605,,39,0,24 23,1,30,,40,0,24 23,1,70,,41,0,24 23,1,30,,42,0,24 23,1,70,,43,0,24 23,1,30,,44,0,24 23,1,70,,45,0,24 23,1,30,,46,0,24 23,1,70,,47,0,24 23,1,30,,48,0,24 23,1,70,,49,0,24 23,1,30,,50,0,24 23,1,70,,51,0,24 23,1,30,,52,0,24 23,1,70,,53,0,24 23,1,30,,54,0,24 23,1,70,,55,0,24 23,1,30,,56,0,24 23,1,70,,57,0,24 23,1,30,,58,0,24 23,1,70,,59,0,24 23,1,30,,60,0,24 23,1,70,,61,0,24 23,1,30,,62,0,24 23,1,70,,63,0,24 23,1,30,,64,0,24 23,1,70,,65,0,24 23,1,30,,66,0,24 23,1,70,,67,0,24 23,1,30,,68,0,24 23,1,70,,69,0,24 23,1,30,,70,0,24 23,1,70,,71,0,24 23,1,30,,72,0,24 23,1,70,,73,0,24 23,1,30,,74,0,24 23,1,70,,75,0,24 23,1,30,,76,0,24 23,1
100,'3',935,,77,0,24 23,1,70,,78,0,24 23,1,30,,79,0,24 23,1,70,,80,0,24 23,1,30,,81,0,24 23,1,70,,82,0,24 23,1,30,,83,0,24 23,1,70,,84,0,24 23,1,30,,85,0,24 23,1,70,,86,0,24 23,1,30,,87,0,24 23,1,70,,88,0,24 23,1,30,,89,0,24 23,1,70,,90,0,24 23,1,30,,91,0,24 23,1,70,,92,0,24 23,1,30,,93,0,24 23,1,70,,94,0,24 23,1,30,,95,0,24 23,1,70,,96,0,24 23,1
9901,'1',554,,4451,,,1,50,,4452,,,1,10,,4453,,,1,10,,4454,,,1,10,,4455,,,1,10,,4456,,,1,10,,4457,,,1,50,,4458,,,1,10,,4459,,,1,10,,4460,,,1,6,,4449,,,1,4,,4461,,,1,10,,4462,,,1,10,,4463,,,1,46,,4448,,,1,4,,4464,,,1,10,,4465,,,1,10,,4466,,,1,6,,4447,,,1,4,,4467,,,1,10,,4468,,,1,10,,4469,,,1,46,,4446,,,1,4,,4470,,,1,10,,4471,,,1,10,,4472,,,1,6,,4445,,,1,4,,4473,,,1,10,,4474,,,1,10,,4475,,,1,46,,4444,,,1,4,,4476,,,1,10,,4477,,,1,10,,4478,,,1,6,,4443,,,1,4,,4479,,,1,5,,4562,,,1,5,,4480,,,1,10,,4481,,,1,50,,4482,,,1,5,,4563,,,1,5,,4483,,,1,10,,4484,,,1,10,,4485,,,1,5,,4564,,,1,5,,4486,,,1,10,,4487,,,1,50,,4488,,,1,5,,4565,,,1,5,,4489,,,1,10,,4490,,,1,10,,4491,,,1,5,,4566,,,1,5,,4492,,,1,10,,4493,,,1,50,,4494,,,1,5,,4567,,,1,5,,4495,,,1,10,,4496,,,1,10,,4497,,,1,5,,4568,,,1,5,,4498,,,1,10,,4499,,,1,50,,4500,,,1,5,,4569,,,1,5,,4501,,,1,10,,4502,,,1,6,,4442,,,1,4,,4503,,,1,5,,4570,,,1,5,,4504,,,1,10,,4505,,,1,46,,4441,,,1,4,,4506,,,1,5,,4571,,,1,5,,4507,,,1,10,,4508,,,1,6,,4440,,,1,4,,4509,,,1,5,,4572,,,1,5,,4510,,,1,10,,4511,,,1,46,,4439,,,1,4,,4512,,,1,5,,4573,,,1,5,,4513,,,1,10,,4514,,,1,6,,4438,,,1,4,,4515,,,1,5,,4574,,,1,5,,4516,,,1,10,,4517,,,1,46,,4437,,,1,4,,4518,,,1,5,,4575,,,1,5,,4519,,,1,10,,4520,,,1,6,,4436,,,1,4,,4521,,,1,10,,4522,,,1,10,,4523,,,1,46,,4435,,,1,4,,4524,,,1,10,,4525,,,1,10,,4526,,,1,10,,4527,,,1,10,,4528,,,1,10,,4529,,,1,50,,4530,,,1,10,,4531,,,1,10,,4532,,,1,10,,4533,,,1,10,,4534,,,1,10,,4535,,,1,50,,4536,,,1,10,,4537,,,1,10,,4538,,,1,10,,4539,,,1,10,,4540,,,1,10,,4541,,,1,50,,4542,,,1,10,,4543,,,1,10,,4544,,,1,10,,4545,,,1,10,,4546,,,1,10,,4547,,,1,50,,4548,,,1,10,,4549,,,1,10,,4550,,,1,10,,4450,,,1,11,,4553,,,1,59,,4552,,,1,11,,4555,,,1,19,,4554,,,1,11,,4557,,,1,59,,4556,,,1,15,,4559,,,1,15,,4558,,,1
9901,'2',549,,4653,,,1,55,,4652,,,1,15,,4650,,,1,15,,4651,,,1,15,,4648,,,1,55,,4649,,,1,15,,4646,,,1,15,,4647,,,1,15,,4644,,,1,55,,4645,,,1,15,,4642,,,1,15,,4643,,,1,15,,4640,,,1,55,,4641,,,1,15,,4638,,,1,15,,4639,,,1,15,,4636,,,1,55,,4637,,,1,15,,4634,,,1,15,,4635,,,1,15,,4632,,,1,55,,4633,,,1,15,,4630,,,1,15,,4631,,,1,15,,4628,,,1,55,,4629,,,1,15,,4626,,,1,15,,4627,,,1,15,,4624,,,1,55,,4625,,,1,15,,4622,,,1,15,,4623,,,1,15,,4620,,,1,55,,4621,,,1,15,,4618,,,1,15,,4619,,,1,15,,4616,,,1,55,,4617,,,1,15,,4614,,,1,15,,4655,,,1,15,,4612,,,1,55,,4613,,,1,15,,4610,,,1,15,,4611,,,1,15,,4608,,,1,55,,4609,,,1,15,,4606,,,1,15,,4607,,,1,15,,4604,,,1,55,,4605,,,1,15,,4602,,,1,15,,4603,,,1,15,,4600,,,1,55,,4601,,,1,15,,4598,,,1,15,,4599,,,1,15,,4596,,,1,55,,4597,,,1,15,,4594,,,1,15,,4595,,,1,15,,4592,,,1,55,,4593,,,1,15,,4590,,,1,15,,4591,,,1,15,,4588,,,1,55,,4589,,,1,15,,4586,,,1,15,,4587,,,1,15,,4584,,,1,55,,4585,,,1,15,,4582,,,1,15,,4583,,,1,15,,4580,,,1,55,,4581,,,1,15,,4578,,,1,15,,4579,,,1
9901,'3',734,,4656,,,1,15,,4657,,,1,55,,4658,,,1,15,,4659,,,1,15,,4660,,,1,15,,4661,,,1,55,,4662,,,1,15,,4663,,,1,15,,4664,,,1,15,,4665,,,1,55,,4666,,,1,15,,4667,,,1,15,,4668,,,1,15,,4669,,,1,55,,4670,,,1,15,,4671,,,1,15,,4672,,,1,15,,4673,,,1,55,,4674,,,1,15,,4675,,,1,15,,4676,,,1,15,,4677,,,1,55,,4678,,,1,15,,4679,,,1,15,,4680,,,1,15,,4681,,,1,55,,4682,,,1,15,,4683,,,1,15,,4684,,,1,15,,4685,,,1,55,,4686,,,1,15,,4687,,,1,15,,4688,,,1,15,,4689,,,1,55,,4690,,,1,15,,4691,,,1,15,,4692,,,1,15,,4693,,,1,55,,4694,,,1,15,,4695,,,1,15,,4696,,,1,15,,4697,,,1,55,,4698,,,1,15,,4699,,,1,15,,4700,,,1,15,,4701,,,1,55,,4702,,,1,15,,4703,,,1,15,,4704,,,1,15,,4705,,,1,55,,4706,,,1,15,,4707,,,1,15,,4708,,,1,15,,4709,,,1,55,,4710,,,1,15,,4711,,,1,15,,4712,,,1,15,,4713,,,1,55,,4714,,,1,15,,4715,,,1,15,,4716,,,1
9901,'7',930,,4718,,,1,74,,4719,,,1,30,,4720,,,1,70,,4721,,,1,30,,4722,,,1,70,,4723,,,1,30,,4724,,,1,70,,4725,,,1,30,,4726,,,1,70,,4727,,,1,30,,4728,,,1,70,,4729,,,1,30,,4730,,,1,70,,4731,,,1,30,,4732,,,1,70,,4733,,,1,30,,4734,,,1,70,,4735,,,1,30,,4736,,,1,70,,4737,,,1
1000800,'3403',1820,,4798,,,1,35,,4799,,,1,75,,4800,,,1,75,,4801,,,1,35,,4802,,,1,75,,4803,,,1,35,,4804,,,1,75,,4805,,,1,75,,4806,,,1,35,,4807,,,1,75,,4808,,,1,35,,4809,,,1
1119801,'14802',2529,,4855,,,1,30,,4856,,,1,70,,4857,,,1,30,,4858,,,1
1119801,'8001',2529,,4859,,,1,30,,4860,,,1,70,,4861,,,1,30,,4862,,,1
21005600,'12701',715,,5063,0,14 29,1,20,,5064,0,14 29,1,20,,5065,0,14 29,1,60,,5066,0,14 29,1,20,,5067,0,14 29,1,20,,5068,0,14 29,1,60,,5069,0,14 29,1,20,,5062,0,14 29,1,20,,5039,0,14 29,1,60,,5061,0,14 29,1,20,,5060,0,14 29,1,20,,5059,0,14 29,1,60,,5058,0,14 29,1,20,,5057,0,14 29,1,20,,5056,0,14 29,1,60,,5055,0,14 29,1,20,,5054,0,14 29,1,20,,5053,0,14 29,1,60,,5052,0,14 29,1,20,,5051,0,14 29,1,21,,5050,0,14 29,1,60,,5049,0,14 29,1,20,,5048,0,14 29,1,20,,5047,0,14 29,1,60,,5046,0,14 29,1,20,,5045,0,14 29,1,20,,5044,0,14 29,1,60,,5043,0,14 29,1,20,,5042,0,14 29,1,20,,5041,0,14 29,1,60,,5040,0,14 29,1,20,,5070,0,14 29,1,19,,5071,0,14 29,1,65,,5072,0,14 29,1,30,,5073,0,14 29,1,70,,5074,0,14 29,1,30,,5075,0,14 29,1,70,,5076,0,14 29,1,30,,5077,0,14 29,1
