100,'1',612,,1,15,4,,1,30,,2,15,4,,1,70,,3,15,4,,1,30,,4,15,4,,1,70,,5,15,4,,1,30,,6,15,4,,1,70,,7,15,4,,1,30,,8,15,4,,1,70,,9,15,4,,1,30,,10,15,4,,1,70,,11,15,4,,1,30,,12,15,4,,1,70,,13,15,4,,1,30,,14,15,4,,1,70,,15,15,4,,1,30,,16,15,4,,1,70,,17,15,4,,1,30,,18,15,4,,1,70,,19,15,4,,1,30,,20,15,4,,1,70,,21,15,4,,1,30,,22,15,4,,1,70,,23,15,4,,1,30,,24,15,4,,1,70,,25,15,4,,1,30,,26,15,4,,1,70,,27,15,4,,1,30,,28,15,4,,1,70,,29,15,4,,1,30,,30,15,4,,1,70,,31,15,4,,1,30,,32,15,4,,1,70,,33,15,4,,1,30,,34,15,4,,1,70,,35,15,4,,1,30,,36,15,4,,1,70,,37,15,4,,1,30,,38,15,4,,1
100,'2',612,,39,15,4,,1,30,,40,15,4,,1,70,,41,15,4,,1,30,,42,15,4,,1,70,,43,15,4,,1,30,,44,15,4,,1,70,,45,15,4,,1,30,,46,15,4,,1,70,,47,15,4,,1,30,,48,15,4,,1,70,,49,15,4,,1,30,,50,15,4,,1,70,,51,15,4,,1,30,,52,15,4,,1,70,,53,15,4,,1,30,,54,15,4,,1,70,,55,15,4,,1,30,,56,15,4,,1,70,,57,15,4,,1,30,,58,15,4,,1,70,,59,15,4,,1,30,,60,15,4,,1,70,,61,15,4,,1,30,,62,15,4,,1,70,,63,15,4,,1,30,,64,15,4,,1,70,,65,15,4,,1,30,,66,15,4,,1,70,,67,15,4,,1,30,,68,15,4,,1,70,,69,15,4,,1,30,,70,15,4,,1,70,,71,15,4,,1,30,,72,15,4,,1,70,,73,15,4,,1,30,,74,15,4,,1,70,,75,15,4,,1,30,,76,15,4,,1
100,'3',942,,77,15,4,,1,70,,78,15,4,,1,30,,79,15,4,,1,70,,80,15,4,,1,30,,81,15,4,,1,70,,82,15,4,,1,30,,83,15,4,,1,70,,84,15,4,,1,30,,85,15,4,,1,70,,86,15,4,,1,30,,87,15,4,,1,70,,88,15,4,,1,30,,89,15,4,,1,70,,90,15,4,,1,30,,91,15,4,,1,70,,92,15,4,,1,30,,93,15,4,,1,70,,94,15,4,,1,30,,95,15,4,,1,70,,96,15,4,,1
101,'1',542,,97,2,0,24 23,1,70,,98,1,0,24 23,1,30,,99,1,0,24 23,1,70,,100,1,0,24 23,1,30,,101,1,0,24 23,1,70,,102,1,0,24 23,1,30,,103,1,0,24 23,1,70,,104,1,0,24 23,1,30,,105,1,0,24 23,1,70,,106,1,0,24 23,1,30,,107,1,0,24 23,1,70,,108,1,0,24 23,1,30,,109,1,0,24 23,1,70,,110,1,0,24 23,1,30,,111,1,0,24 23,1,70,,112,1,0,24 23,1,30,,113,1,0,24 23,1,70,,114,1,0,24 23,1,30,,115,1,0,24 23,1,70,,116,1,0,24 23,1,30,,117,1,0,24 23,1,70,,118,1,0,24 23,1,30,,119,1,0,24 23,1,70,,120,1,0,24 23,1,30,,121,1,0,24 23,1,70,,122,1,0,24 23,1,30,,123,1,0,24 23,1,70,,124,1,0,24 23,1,30,,125,1,0,24 23,1,70,,126,1,0,24 23,1,30,,127,1,0,24 23,1,70,,128,1,0,24 23,1,30,,129,1,0,24 23,1,70,,130,1,0,24 23,1,30,,131,1,0,24 23,1,70,,132,1,0,24 23,1,30,,133,1,0,24 23,1,70,,134,1,0,24 23,1
101,'2',542,,135,2,0,24 23,1,70,,136,1,0,24 23,1,30,,137,1,0,24 23,1,70,,138,1,0,24 23,1,30,,139,1,0,24 23,1,70,,140,1,0,24 23,1,30,,141,1,0,24 23,1,70,,142,1,0,24 23,1,30,,143,1,0,24 23,1,70,,144,1,0,24 23,1,30,,145,1,0,24 23,1,70,,146,1,0,24 23,1,30,,147,1,0,24 23,1,70,,148,1,0,24 23,1,30,,149,1,0,24 23,1,70,,150,1,0,24 23,1,30,,151,1,0,24 23,1,70,,152,1,0,24 23,1,30,,153,1,0,24 23,1,70,,154,1,0,24 23,1,30,,155,1,0,24 23,1,70,,156,1,0,24 23,1,30,,157,1,0,24 23,1,70,,158,1,0,24 23,1,30,,159,1,0,24 23,1,70,,160,1,0,24 23,1,30,,161,1,0,24 23,1,70,,162,1,0,24 23,1,30,,163,1,0,24 23,1,70,,164,1,0,24 23,1,30,,165,1,0,24 23,1,70,,166,1,0,24 23,1,30,,167,1,0,24 23,1,70,,168,1,0,24 23,1,30,,169,1,0,24 23,1,70,,170,1,0,24 23,1,30,,171,1,0,24 23,1,70,,172,1,0,24 23,1
101,'3',912,,173,2,0,24 23,1,30,,174,1,0,24 23,1,70,,175,1,0,24 23,1,30,,176,1,0,24 23,1,70,,177,1,0,24 23,1,30,,178,1,0,24 23,1,70,,179,1,0,24 23,1,30,,180,1,0,24 23,1,70,,181,1,0,24 23,1,30,,182,1,0,24 23,1,70,,183,1,0,24 23,1,30,,184,1,0,24 23,1,70,,185,1,0,24 23,1,30,,186,1,0,24 23,1,70,,187,1,0,24 23,1,30,,188,1,0,24 23,1,70,,189,1,0,24 23,1,30,,190,1,0,24 23,1,70,,191,1,0,24 23,1,30,,192,1,0,24 23,1
600,'1',605,,1061,7,0,17,0,30,,1062,7,0,17,0,69,,1063,7,0,17,0,20,,1064,7,0,17,0,20,,1065,7,0,17,0,60,,1066,7,0,17,0,20,,1067,7,0,17,0,20,,1068,7,0,17,0,60,,1069,7,0,17,0,20,,1070,7,0,17,0,20,,1071,7,0,17,0,61,,1072,7,0,17,0,30,,1073,7,0,17,0,70,,1074,7,0,17,0,30,,1075,7,0,17,0,70,,1076,7,0,17,0,30,,1077,7,0,17,0,70,,1078,7,0,17,0,30,,1079,7,0,17,0,71,,1080,7,0,17,0,20,,1081,7,0,17,0,20,,1082,7,0,17,0,60,,1083,7,0,17,0,20,,1084,7,0,17,0,20,,1085,7,0,17,0,60,,1086,7,0,17,0,20,,1087,7,0,17,0,20,,1088,7,0,17,0,60,,1089,7,0,17,0,20,,1090,7,0,17,0,20,,1091,7,0,17,0,59,,1092,7,0,17,0,30,,1093,7,0,17,0,70,,1094,7,0,17,0,30,,1095,7,0,17,0,70,,1096,7,0,17,0,30,,1097,7,0,17,0,70,,1098,7,0,17,0,30,,1099,7,0,17,0,70,,1100,7,0,17,0,30,,1101,7,0,17,0,70,,1102,7,0,17,0,30,,1103,7,0,17,0,70,,1104,7,0,17,0,30,,1105,7,0,17,0
600,'2',604,,1143,7,0,17,1,30,,1142,7,0,17,1,70,,1141,7,0,17,1,30,,1140,7,0,17,1,70,,1139,7,0,17,1,30,,1138,7,0,17,1,70,,1137,7,0,17,1,30,,1136,7,0,17,1,70,,1135,7,0,17,1,30,,1134,7,0,17,1,70,,1133,7,0,17,1,30,,1132,7,0,17,1,70,,1131,7,0,17,1,30,,1130,7,0,17,1,70,,1129,7,0,17,1,30,,1128,7,0,17,1,70,,1127,7,0,17,1,30,,1126,7,0,17,1,70,,1125,7,0,17,1,30,,1124,7,0,17,1,70,,1123,7,0,17,1,30,,1122,7,0,17,1,70,,1121,7,0,17,1,30,,1120,7,0,17,1,70,,1119,7,0,17,1,30,,1118,7,0,17,1,70,,1117,7,0,17,1,30,,1116,7,0,17,1,70,,1115,7,0,17,1,30,,1114,7,0,17,1,70,,1113,7,0,17,1,30,,1112,7,0,17,1,70,,1111,7,0,17,1,30,,1110,7,0,17,1,70,,1109,7,0,17,1,30,,1108,7,0,17,1,70,,1107,7,0,17,1,30,,1106,7,0,17,1
600,'3',934,,1144,7,0,17,1,70,,1145,7,0,17,1,30,,1146,7,0,17,1,70,,1147,7,0,17,1,30,,1148,7,0,17,1,70,,1149,7,0,17,1,30,,1150,7,0,17,1,70,,1151,7,0,17,1,30,,1152,7,0,17,1,70,,1153,7,0,17,1,30,,1154,7,0,17,1,70,,1155,7,0,17,1,30,,1156,7,0,17,1,70,,1157,7,0,17,1,30,,1158,7,0,17,1,70,,1159,7,0,17,1,30,,1160,7,0,17,1,70,,1161,7,0,17,1,30,,1162,7,0,17,1,70,,1163,7,0,17,1
1000800,'3403',1841,,4798,31,,,1,75,,4799,31,,,1,35,,4800,31,,,1,75,,4801,31,,,1,75,,4802,31,,,1,35,,4803,31,,,1,75,,4804,31,,,1,35,,4805,31,,,1,75,,4806,31,,,1,35,,4807,31,,,1,75,,4808,31,,,1,75,,4809,31,,,1
