200,'1',612,,193,13,0,23 24,0,30,,194,13,0,23 24,0,70,,195,13,0,23 24,0,30,,196,13,0,23 24,0,70,,197,13,0,23 24,0,30,,198,13,0,23 24,0,70,,199,13,0,23 24,0,30,,200,13,0,23 24,0,70,,201,13,0,23 24,0,30,,202,13,0,23 24,0,70,,203,13,0,23 24,0,30,,204,13,0,23 24,0,70,,205,13,0,23 24,0,30,,206,13,0,23 24,0,70,,207,13,0,23 24,0,30,,208,13,0,23 24,0,70,,209,13,0,23 24,0,30,,210,13,0,23 24,0,70,,211,13,0,23 24,0,30,,212,13,0,23 24,0,70,,213,13,0,23 24,0,30,,214,13,0,23 24,0,70,,215,13,0,23 24,0,30,,216,13,0,23 24,0,70,,217,13,0,23 24,0,30,,218,13,0,23 24,0,70,,219,13,0,23 24,0,30,,220,13,0,23 24,0,70,,221,13,0,23 24,0,30,,222,13,0,23 24,0,70,,223,13,0,23 24,0,30,,224,13,0,23 24,0,70,,225,13,0,23 24,0,30,,226,13,0,23 24,0,70,,227,13,0,23 24,0,30,,228,13,0,23 24,0,70,,229,13,0,23 24,0,30,,230,13,0,23 24,0
200,'2',612,,231,13,0,23 24,0,30,,232,13,0,23 24,0,70,,233,13,0,23 24,0,30,,234,13,0,23 24,0,70,,235,13,0,23 24,0,30,,236,13,0,23 24,0,70,,237,13,0,23 24,0,30,,238,13,0,23 24,0,70,,239,13,0,23 24,0,30,,240,13,0,23 24,0,70,,241,13,0,23 24,0,30,,242,13,0,23 24,0,70,,243,13,0,23 24,0,30,,244,13,0,23 24,0,70,,245,13,0,23 24,0,30,,246,13,0,23 24,0,70,,247,13,0,23 24,0,30,,248,13,0,23 24,0,70,,249,13,0,23 24,0,30,,250,13,0,23 24,0,70,,251,13,0,23 24,0,30,,252,13,0,23 24,0,70,,253,13,0,23 24,0,30,,254,13,0,23 24,0,70,,255,13,0,23 24,0,30,,256,13,0,23 24,0,70,,257,13,0,23 24,0,30,,258,13,0,23 24,0,70,,259,13,0,23 24,0,30,,260,13,0,23 24,0,70,,261,13,0,23 24,0,30,,262,13,0,23 24,0,70,,263,13,0,23 24,0,30,,264,13,0,23 24,0,70,,265,13,0,23 24,0,30,,266,13,0,23 24,0,70,,267,13,0,23 24,0,30,,268,13,0,23 24,0
200,'3',942,,269,13,0,23 24,0,70,,270,13,0,23 24,0,30,,271,13,0,23 24,0,70,,272,13,0,23 24,0,30,,273,13,0,23 24,0,70,,274,13,0,23 24,0,30,,275,13,0,23 24,0,70,,276,13,0,23 24,0,30,,277,13,0,23 24,0,70,,278,13,0,23 24,0,30,,279,13,0,23 24,0,70,,280,13,0,23 24,0,30,,281,13,0,23 24,0,70,,282,13,0,23 24,0,30,,283,13,0,23 24,0,70,,284,13,0,23 24,0,30,,285,13,0,23 24,0,70,,286,13,0,23 24,0,30,,287,13,0,23 24,0,70,,288,13,0,23 24,0
201,'1',542,,289,1,0,23 24,0
201,'2',542,,327,1,0,23 24,0
201,'3',912,,365,1,0,23 24,0
601,'1',548,,1164,11,0,17,0,70,,1165,11,0,17,0,30,,1166,11,0,17,0,70,,1167,11,0,17,0,20,,1168,11,0,17,0,20,,1169,11,0,17,0,60,,1170,11,0,17,0,20,,1171,11,0,17,0,20,,1172,11,0,17,0,60,,1173,11,0,17,0,20,,1174,11,0,17,0,20,,1175,11,0,17,0,61,,1176,11,0,17,0,30,,1177,11,0,17,0,70,,1178,11,0,17,0,30,,1179,11,0,17,0,70,,1180,11,0,17,0,30,,1181,11,0,17,0,70,,1182,11,0,17,0,30,,1183,11,0,17,0,72,,1184,11,0,17,0,20,,1185,11,0,17,0,60,,1186,11,0,17,0,20,,1187,11,0,17,0,20,,1188,11,0,17,0,60,,1189,11,0,17,0,20,,1190,11,0,17,0,20,,1191,11,0,17,0,60,,1192,11,0,17,0,20,,1193,11,0,17,0,20,,1194,11,0,17,0,60,,1195,11,0,17,0,17,,1196,11,0,17,0,30,,1197,11,0,17,0,70,,1198,11,0,17,0,30,,1199,11,0,17,0,70,,1200,11,0,17,0,30,,1201,11,0,17,0,70,,1202,11,0,17,0,30,,1203,11,0,17,0,70,,1204,11,0,17,0,30,,1205,11,0,17,0,70,,1206,11,0,17,0,30,,1207,11,0,17,0,70,,1208,11,0,17,0
601,'2',547,,1210,11,0,17,0,70,,1211,11,0,17,0,30,,1212,11,0,17,0,70,,1213,11,0,17,0,30,,1214,11,0,17,0,70,,1215,11,0,17,0,30,,1216,11,0,17,0,70,,1217,11,0,17,0,30,,1218,11,0,17,0,70,,1219,11,0,17,0,30,,1220,11,0,17,0,70,,1221,11,0,17,0,30,,1222,11,0,17,0,70,,1223,11,0,17,0,30,,1224,11,0,17,0,70,,1225,11,0,17,0,30,,1226,11,0,17,0,70,,1227,11,0,17,0,30,,1228,11,0,17,0,70,,1229,11,0,17,0,30,,1230,11,0,17,0,70,,1231,11,0,17,0,30,,1232,11,0,17,0,70,,1233,11,0,17,0,30,,1234,11,0,17,0,70,,1235,11,0,17,0,30,,1236,11,0,17,0,70,,1237,11,0,17,0,30,,1238,11,0,17,0,70,,1239,11,0,17,0,30,,1240,11,0,17,0,70,,1241,11,0,17,0,30,,1242,11,0,17,0,70,,1243,11,0,17,0,30,,1244,11,0,17,0,70,,1245,11,0,17,0,30,,1246,11,0,17,0,70,,1247,11,0,17,0
601,'3',917,,1249,11,0,17,0,30,,1250,11,0,17,0,70,,1251,11,0,17,0,30,,1252,11,0,17,0,70,,1253,11,0,17,0,30,,1254,11,0,17,0,70,,1255,11,0,17,0,30,,1256,11,0,17,0,70,,1257,11,0,17,0,30,,1258,11,0,17,0,70,,1259,11,0,17,0,30,,1260,11,0,17,0,70,,1261,11,0,17,0,30,,1262,11,0,17,0,70,,1263,11,0,17,0,30,,1264,11,0,17,0,70,,1265,11,0,17,0,30,,1266,11,0,17,0,70,,1267,11,0,17,0,30,,1268,11,0,17,0
21005000,'12701',704,,4863,4,0,14 15,1,15,,4864,4,0,14 15,1,15,,4865,4,0,14 15,1,15,,4866,4,0,14 15,1,55,,4867,4,0,14 15,1,15,,4868,4,0,14 15,1,15,,4869,4,0,14 15,1,15,,4870,4,0,14 15,1,55,,4871,4,0,14 15,1,15,,4872,4,0,14 15,1,15,,4873,4,0,14 15,1,15,,4874,4,0,14 15,1,55,,4875,4,0,14 15,1,15,,4876,4,0,14 15,1,15,,4877,4,0,14 15,1,15,,4878,4,0,14 15,1,55,,4879,4,0,14 15,1,15,,4880,4,0,14 15,1,15,,4881,4,0,14 15,1,15,,4882,4,0,14 15,1,55,,4883,4,0,14 15,1,15,,4884,4,0,14 15,1,15,,4885,4,0,14 15,1,15,,4886,4,0,14 15,1,55,,4887,4,0,14 15,1,15,,4888,4,0,14 15,1,15,,4889,4,0,14 15,1,15,,4890,4,0,14 15,1,55,,4891,4,0,14 15,1,15,,4892,4,0,14 15,1,15,,4893,4,0,14 15,1,15,,4894,4,0,14 15,1,55,,4895,4,0,14 15,1,15,,4896,4,0,14 15,1,15,,4897,4,0,14 15,1,15,,4898,4,0,14 15,1,55,,4899,4,0,14 15,1,15,,4900,4,0,14 15,1,15,,4901,4,0,14 15,1,15,,4902,4,0,14 15,1,55,,4903,4,0,14 15,1,15,,4904,4,0,14 15,1,15,,4905,4,0,14 15,1,15,,4906,4,0,14 15,1,55,,4907,4,0,14 15,1,15,,4908,4,0,14 15,1,15,,4909,4,0,14 15,1,15,,4910,4,0,14 15,1,55,,4911,4,0,14 15,1,15,,4912,4,0,14 15,1,15,,4913,4,0,14 15,1,15,,4914,4,0,14 15,1,55,,4915,4,0,14 15,1,15,,4916,4,0,14 15,1,15,,4917,4,0,14 15,1,15,,4918,4,0,14 15,1
21005800,'12701',724,,5118,4,0,14 24,0,20,,5119,4,0,14 24,0,60,,5120,4,0,14 24,0,20,,5121,4,0,14 24,0,20,,5122,4,0,14 24,0,60,,5123,4,0,14 24,0,20,,5124,4,0,14 24,0,20,,5125,4,0,14 24,0,60,,5126,4,0,14 24,0,20,,5127,4,0,14 24,0,20,,5128,4,0,14 24,0,60,,5129,4,0,14 24,0,20,,5130,4,0,14 24,0,20,,5131,4,0,14 24,0,60,,5132,4,0,14 24,0,20,,5133,4,0,14 24,0,20,,5134,4,0,14 24,0,60,,5135,4,0,14 24,0,20,,5136,4,0,14 24,0,20,,5137,4,0,14 24,0,60,,5138,4,0,14 24,0,20,,5139,4,0,14 24,0,20,,5140,4,0,14 24,0,60,,5141,4,0,14 24,0,20,,5142,4,0,14 24,0,20,,5143,4,0,14 24,0,60,,5144,4,0,14 24,0,20,,5145,4,0,14 24,0,20,,5146,4,0,14 24,0,60,,5147,4,0,14 24,0,20,,5148,4,0,14 24,0,20,,5149,4,0,14 24,0,60,,5150,4,0,14 24,0,20,,5151,4,0,14 24,0,20,,5152,4,0,14 24,0,60,,5153,4,0,14 24,0,20,,5154,4,0,14 24,0,20,,5155,4,0,14 24,0,60,,5156,4,0,14 24,0,20,,5157,4,0,14 24,0,20,,5158,4,0,14 24,0,60,,5159,4,0,14 24,0
