101,'1',543,,5298,4,0,24 23,1,70,,5299,3,0,24 23,1,30,,5300,3,0,24 23,1,70,,5301,3,0,24 23,1,30,,5302,3,0,24 23,1,70,,5303,3,0,24 23,1,30,,5304,3,0,24 23,1,70,,5305,3,0,24 23,1,30,,5306,3,0,24 23,1,70,,5307,3,0,24 23,1,30,,5308,3,0,24 23,1,70,,5309,3,0,24 23,1,30,,5310,3,0,24 23,1,70,,5311,3,0,24 23,1,30,,5312,3,0,24 23,1,70,,5313,3,0,24 23,1,30,,5314,3,0,24 23,1,70,,5315,3,0,24 23,1,30,,5316,3,0,24 23,1,70,,5317,3,0,24 23,1,30,,5318,3,0,24 23,1,70,,5319,3,0,24 23,1,30,,5320,3,0,24 23,1,70,,5321,3,0,24 23,1,30,,5322,3,0,24 23,1,70,,5323,3,0,24 23,1,30,,5324,3,0,24 23,1,70,,5325,3,0,24 23,1,30,,5326,3,0,24 23,1,70,,5327,3,0,24 23,1,30,,5328,3,0,24 23,1,70,,5329,3,0,24 23,1,30,,5330,3,0,24 23,1,70,,5331,3,0,24 23,1,30,,5332,3,0,24 23,1,70,,5333,3,0,24 23,1,30,,5334,3,0,24 23,1,70,,5335,3,0,24 23,1
101,'2',543,,5336,4,0,24 23,1,70,,5337,3,0,24 23,1,30,,5338,3,0,24 23,1,70,,5339,3,0,24 23,1,30,,5340,3,0,24 23,1,70,,5341,3,0,24 23,1,30,,5342,3,0,24 23,1,70,,5343,3,0,24 23,1,30,,5344,3,0,24 23,1,70,,5345,3,0,24 23,1,30,,5346,3,0,24 23,1,70,,5347,3,0,24 23,1,30,,5348,3,0,24 23,1,70,,5349,3,0,24 23,1,30,,5350,3,0,24 23,1,70,,5351,3,0,24 23,1,30,,5352,3,0,24 23,1,70,,5353,3,0,24 23,1,30,,5354,3,0,24 23,1,70,,5355,3,0,24 23,1,30,,5356,3,0,24 23,1,70,,5357,3,0,24 23,1,30,,5358,3,0,24 23,1,70,,5359,3,0,24 23,1,30,,5360,3,0,24 23,1,70,,5361,3,0,24 23,1,30,,5362,3,0,24 23,1,70,,5363,3,0,24 23,1,30,,5364,3,0,24 23,1,70,,5365,3,0,24 23,1,30,,5366,3,0,24 23,1,70,,5367,3,0,24 23,1,30,,5368,3,0,24 23,1,70,,5369,3,0,24 23,1,30,,5370,3,0,24 23,1,70,,5371,3,0,24 23,1,30,,5372,3,0,24 23,1,70,,5373,3,0,24 23,1
101,'3',913,,5374,4,0,24 23,1,30,,5375,3,0,24 23,1,70,,5376,3,0,24 23,1,30,,5377,3,0,24 23,1,70,,5378,3,0,24 23,1,30,,5379,3,0,24 23,1,70,,5380,3,0,24 23,1,30,,5381,3,0,24 23,1,70,,5382,3,0,24 23,1,30,,5383,3,0,24 23,1,70,,5384,3,0,24 23,1,30,,5385,3,0,24 23,1,70,,5386,3,0,24 23,1,30,,5387,3,0,24 23,1,70,,5388,3,0,24 23,1,30,,5389,3,0,24 23,1,70,,5390,3,0,24 23,1,30,,5391,3,0,24 23,1,70,,5392,3,0,24 23,1,30,,5393,3,0,24 23,1
1500,'1',604,,8097,6,0,23,1,30,,8098,6,0,23,1,70,,8099,6,0,23,1,30,,8100,6,0,23,1,70,,8101,6,0,23,1,30,,8102,6,0,23,1,70,,8103,6,0,23,1,30,,8104,6,0,23,1,70,,8105,6,0,23,1,30,,8106,6,0,23,1,70,,8107,6,0,23,1,30,,8108,6,0,23,1,70,,8109,6,0,23,1,30,,8110,6,0,23,1,70,,8111,6,0,23,1,30,,8112,6,0,23,1,70,,8113,6,0,23,1,30,,8114,6,0,23,1,70,,8115,6,0,23,1,30,,8116,6,0,23,1,70,,8117,6,0,23,1,30,,8118,6,0,23,1,70,,8119,6,0,23,1,30,,8120,6,0,23,1,70,,8121,6,0,23,1,30,,8122,6,0,23,1,70,,8123,6,0,23,1,30,,8124,6,0,23,1,70,,8125,6,0,23,1,30,,8126,6,0,23,1,70,,8127,6,0,23,1,30,,8128,6,0,23,1,70,,8129,6,0,23,1,30,,8130,6,0,23,1,70,,8131,6,0,23,1,30,,8132,6,0,23,1,70,,8133,6,0,23,1,30,,8134,6,0,23,1
1500,'2',604,,8135,6,0,23,1,30,,8136,6,0,23,1,70,,8137,6,0,23,1,30,,8138,6,0,23,1,70,,8139,6,0,23,1,30,,8140,6,0,23,1,70,,8141,6,0,23,1,30,,8142,6,0,23,1,70,,8143,6,0,23,1,30,,8144,6,0,23,1,70,,8145,6,0,23,1,30,,8146,6,0,23,1,70,,8147,6,0,23,1,30,,8148,6,0,23,1,70,,8149,6,0,23,1,30,,8150,6,0,23,1,70,,8151,6,0,23,1,30,,8152,6,0,23,1,70,,8153,6,0,23,1,30,,8154,6,0,23,1,70,,8155,6,0,23,1,30,,8156,6,0,23,1,70,,8157,6,0,23,1,30,,8158,6,0,23,1,70,,8159,6,0,23,1,30,,8160,6,0,23,1,70,,8161,6,0,23,1,30,,8162,6,0,23,1,70,,8163,6,0,23,1,30,,8164,6,0,23,1,70,,8165,6,0,23,1,30,,8166,6,0,23,1,70,,8167,6,0,23,1,30,,8168,6,0,23,1,70,,8169,6,0,23,1,30,,8170,6,0,23,1,70,,8171,6,0,23,1,30,,8172,6,0,23,1
1500,'3',934,,8173,6,0,23,1,70,,8174,6,0,23,1,30,,8175,6,0,23,1,70,,8176,6,0,23,1,30,,8177,6,0,23,1,70,,8178,6,0,23,1,30,,8179,6,0,23,1,70,,8180,6,0,23,1,30,,8181,6,0,23,1,70,,8182,6,0,23,1,30,,8183,6,0,23,1,70,,8184,6,0,23,1,30,,8185,6,0,23,1,70,,8186,6,0,23,1,30,,8187,6,0,23,1,70,,8188,6,0,23,1,30,,8189,6,0,23,1,70,,8190,6,0,23,1,30,,8191,6,0,23,1,70,,8192,6,0,23,1
1700,'1',554,,8487,6,0,25 26,1,70,,8488,6,0,25 26,1,30,,8489,6,0,25 26,1,65,,8485,6,0,25 26,1,5,,8490,6,0,25 26,1,30,,8491,6,0,25 26,1,70,,8492,6,0,25 26,1,30,,8493,6,0,25 26,1,70,,8494,6,0,25 26,1,30,,8495,6,0,25 26,1,70,,8496,6,0,25 26,1,30,,8497,6,0,25 26,1,72,,8498,6,0,25 26,1,30,,8499,6,0,25 26,1,70,,8500,6,0,25 26,1,30,,8501,6,0,25 26,1,70,,8502,6,0,25 26,1,31,,8503,6,0,25 26,1,70,,8504,6,0,25 26,1,30,,8505,6,0,25 26,1,70,,8506,6,0,25 26,1,28,,8507,6,0,25 26,1,70,,8508,6,0,25 26,1,30,,8509,6,0,25 26,1,70,,8510,6,0,25 26,1,30,,8511,6,0,25 26,1,70,,8512,6,0,25 26,1,29,,8513,6,0,25 26,1,70,,8514,6,0,25 26,1,30,,8515,6,0,25 26,1,70,,8516,6,0,25 26,1,30,,8517,6,0,25 26,1,70,,8518,6,0,25 26,1,30,,8519,6,0,25 26,1,70,,8520,6,0,25 26,1,30,,8521,6,0,25 26,1,70,,8522,6,0,25 26,1,30,,8523,6,0,25 26,1,70,,8524,6,0,25 26,1
1700,'2',554,,8562,6,0,25 26,1,70,,8561,6,0,25 26,1,30,,8560,6,0,25 26,1,72,,8559,6,0,25 26,1,30,,8558,6,0,25 26,1,70,,8557,6,0,25 26,1,30,,8556,6,0,25 26,1,70,,8555,6,0,25 26,1,30,,8554,6,0,25 26,1,70,,8553,6,0,25 26,1,30,,8552,6,0,25 26,1,70,,8551,6,0,25 26,1,30,,8550,6,0,25 26,1,70,,8549,6,0,25 26,1,30,,8548,6,0,25 26,1,70,,8547,6,0,25 26,1,31,,8546,6,0,25 26,1,70,,8545,6,0,25 26,1,30,,8544,6,0,25 26,1,70,,8543,6,0,25 26,1,30,,8542,6,0,25 26,1,70,,8541,6,0,25 26,1,31,,8540,6,0,25 26,1,70,,8539,6,0,25 26,1,30,,8538,6,0,25 26,1,70,,8537,6,0,25 26,1,29,,8536,6,0,25 26,1,70,,8535,6,0,25 26,1,30,,8534,6,0,25 26,1,70,,8533,6,0,25 26,1,30,,8532,6,0,25 26,1,70,,8531,6,0,25 26,1,30,,8530,6,0,25 26,1,70,,8529,6,0,25 26,1,27,,8528,6,0,25 26,1,70,,8527,6,0,25 26,1,30,,8526,6,0,25 26,1,70,,8525,6,0,25 26,1
1700,'3',955,,8565,6,0,25 26,1,70,,8566,6,0,25 26,1,30,,8567,6,0,25 26,1,70,,8568,6,0,25 26,1,30,,8569,6,0,25 26,1,71,,8570,6,0,25 26,1,30,,8571,6,0,25 26,1,70,,8572,6,0,25 26,1,30,,8573,6,0,25 26,1,70,,8574,6,0,25 26,1,30,,8575,6,0,25 26,1,70,,8576,6,0,25 26,1,30,,8577,6,0,25 26,1,69,,8578,6,0,25 26,1,30,,8579,6,0,25 26,1,70,,8580,6,0,25 26,1,30,,8581,6,0,25 26,1,70,,8582,6,0,25 26,1,30,,8583,6,0,25 26,1
1000400,'14802',2513,,10078,13,0,33 9 15,1,20,,10079,14,0,33 9 15,1,20,,10080,14,0,33 9 15,1,60,,10081,14,0,33 9 15,1,20,,10082,14,0,33 9 15,1
1000400,'7901',2533,,10083,14,0,33 9 15,1,80,,10084,14,0,33 9 15,1
1000400,'8001',2513,,10085,13,0,33 9 15,1,40,,10086,14,0,33 9 15,1,80,,10087,14,0,33 9 15,1
