1500,'1',606,,8097,7,0,23,1,30,,8098,7,0,23,1,70,,8099,7,0,23,1,30,,8100,7,0,23,1,70,,8101,7,0,23,1,30,,8102,7,0,23,1,70,,8103,7,0,23,1,30,,8104,7,0,23,1,70,,8105,7,0,23,1,30,,8106,7,0,23,1,70,,8107,7,0,23,1,30,,8108,7,0,23,1,70,,8109,7,0,23,1,30,,8110,7,0,23,1,70,,8111,7,0,23,1,30,,8112,7,0,23,1,70,,8113,7,0,23,1,30,,8114,7,0,23,1,70,,8115,7,0,23,1,30,,8116,7,0,23,1,70,,8117,7,0,23,1,30,,8118,7,0,23,1,70,,8119,7,0,23,1,30,,8120,7,0,23,1,70,,8121,7,0,23,1,30,,8122,7,0,23,1,70,,8123,7,0,23,1,30,,8124,7,0,23,1,70,,8125,7,0,23,1,30,,8126,7,0,23,1,70,,8127,7,0,23,1,30,,8128,7,0,23,1,70,,8129,7,0,23,1,30,,8130,7,0,23,1,70,,8131,7,0,23,1,30,,8132,7,0,23,1,70,,8133,7,0,23,1,30,,8134,7,0,23,1
1500,'2',606,,8135,7,0,23,1,30,,8136,7,0,23,1,70,,8137,7,0,23,1,30,,8138,7,0,23,1,70,,8139,7,0,23,1,30,,8140,7,0,23,1,70,,8141,7,0,23,1,30,,8142,7,0,23,1,70,,8143,7,0,23,1,30,,8144,7,0,23,1,70,,8145,7,0,23,1,30,,8146,7,0,23,1,70,,8147,7,0,23,1,30,,8148,7,0,23,1,70,,8149,7,0,23,1,30,,8150,7,0,23,1,70,,8151,7,0,23,1,30,,8152,7,0,23,1,70,,8153,7,0,23,1,30,,8154,7,0,23,1,70,,8155,7,0,23,1,30,,8156,7,0,23,1,70,,8157,7,0,23,1,30,,8158,7,0,23,1,70,,8159,7,0,23,1,30,,8160,7,0,23,1,70,,8161,7,0,23,1,30,,8162,7,0,23,1,70,,8163,7,0,23,1,30,,8164,7,0,23,1,70,,8165,7,0,23,1,30,,8166,7,0,23,1,70,,8167,7,0,23,1,30,,8168,7,0,23,1,70,,8169,7,0,23,1,30,,8170,7,0,23,1,70,,8171,7,0,23,1,30,,8172,7,0,23,1
1500,'3',936,,8173,7,0,23,1,70,,8174,7,0,23,1,30,,8175,7,0,23,1,70,,8176,7,0,23,1,30,,8177,7,0,23,1,70,,8178,7,0,23,1,30,,8179,7,0,23,1,70,,8180,7,0,23,1,30,,8181,7,0,23,1,70,,8182,7,0,23,1,30,,8183,7,0,23,1,70,,8184,7,0,23,1,30,,8185,7,0,23,1,70,,8186,7,0,23,1,30,,8187,7,0,23,1,70,,8188,7,0,23,1,30,,8189,7,0,23,1,70,,8190,7,0,23,1,30,,8191,7,0,23,1,70,,8192,7,0,23,1
1901,'1',545,,8979,3,0,9 37,1,70,,8980,3,0,9 37,1,30,,8981,3,0,9 37,1,70,,8982,3,0,9 37,1,30,,8983,3,0,9 37,1,70,,8984,3,0,9 37,1,30,,8985,3,0,9 37,1,70,,8986,3,0,9 37,1,30,,8987,3,0,9 37,1,70,,8988,3,0,9 37,1,30,,8989,3,0,9 37,1,70,,8990,3,0,9 37,1,30,,8991,3,0,9 37,1,70,,8992,3,0,9 37,1,30,,8993,3,0,9 37,1,70,,8994,3,0,9 37,1,30,,8995,3,0,9 37,1,70,,8996,3,0,9 37,1,30,,8997,3,0,9 37,1,70,,8998,3,0,9 37,1,30,,8999,3,0,9 37,1,70,,9000,3,0,9 37,1,30,,9001,3,0,9 37,1,70,,9002,3,0,9 37,1,30,,9003,3,0,9 37,1,70,,9004,3,0,9 37,1,30,,9005,3,0,9 37,1,70,,9006,3,0,9 37,1,30,,9007,3,0,9 37,1,70,,9008,3,0,9 37,1,30,,9009,3,0,9 37,1,70,,9010,3,0,9 37,1,30,,9011,3,0,9 37,1,70,,9012,3,0,9 37,1,30,,9013,3,0,9 37,1,70,,9014,3,0,9 37,1,30,,9015,3,0,9 37,1,70,,9016,3,0,9 37,1
1901,'2',545,,9017,3,0,9 37,1,70,,9018,3,0,9 37,1,30,,9019,3,0,9 37,1,70,,9020,3,0,9 37,1,30,,9021,3,0,9 37,1,70,,9022,3,0,9 37,1,30,,9023,3,0,9 37,1,70,,9024,3,0,9 37,1,30,,9025,3,0,9 37,1,70,,9026,3,0,9 37,1,30,,9027,3,0,9 37,1,70,,9028,3,0,9 37,1,30,,9029,3,0,9 37,1,70,,9030,3,0,9 37,1,30,,9031,3,0,9 37,1,70,,9032,3,0,9 37,1,30,,9033,3,0,9 37,1,70,,9034,3,0,9 37,1,30,,9035,3,0,9 37,1,70,,9036,3,0,9 37,1,30,,9037,3,0,9 37,1,70,,9038,3,0,9 37,1,30,,9039,3,0,9 37,1,70,,9040,3,0,9 37,1,30,,9041,3,0,9 37,1,70,,9042,3,0,9 37,1,30,,9043,3,0,9 37,1,70,,9044,3,0,9 37,1,30,,9045,3,0,9 37,1,70,,9046,3,0,9 37,1,30,,9047,3,0,9 37,1,70,,9048,3,0,9 37,1,30,,9049,3,0,9 37,1,70,,9050,3,0,9 37,1,30,,9051,3,0,9 37,1,70,,9052,3,0,9 37,1,30,,9053,3,0,9 37,1,70,,9054,3,0,9 37,1
1901,'3',946,,9055,3,0,9 37,1,70,,9056,3,0,9 37,1,30,,9057,3,0,9 37,1,70,,9058,3,0,9 37,1,30,,9059,3,0,9 37,1,70,,9060,3,0,9 37,1,30,,9061,3,0,9 37,1,70,,9062,3,0,9 37,1,30,,9063,3,0,9 37,1,70,,9064,3,0,9 37,1,30,,9065,3,0,9 37,1,70,,9066,3,0,9 37,1,30,,9067,3,0,9 37,1,70,,9068,3,0,9 37,1,30,,9069,3,0,9 37,1,70,,9070,3,0,9 37,1,30,,9071,3,0,9 37,1,70,,9072,3,0,9 37,1,30,,9073,3,0,9 37,1
1000400,'14802',2516,,10078,14,4,,1,20,,10079,15,4,,1,20,,10080,15,4,,1,60,,10081,15,4,,1,20,,10082,15,4,,1
1000400,'7901',2536,,10083,15,4,,1,80,,10084,15,4,,1
1000400,'8001',2516,,10085,14,4,,1,40,,10086,15,4,,1,80,,10087,15,4,,1
1000401,'14802',2516,,10088,1,0,33 9 15,1,20,,10089,1,0,33 9 15,1,20,,10090,1,0,33 9 15,1,60,,10091,1,0,33 9 15,1,20,,10092,1,0,33 9 15,1
1000401,'7901',2536,,10093,1,0,33 9 15,1,80,,10094,1,0,33 9 15,1
1000401,'8001',2516,,10095,1,0,33 9 15,1,40,,10096,1,0,33 9 15,1,80,,10097,1,0,33 9 15,1
