301,'1',608,,492,0,27,0,30,,493,0,27,0,70,,494,0,27,0,37,,495,0,27,0,60,,496,0,27,0,20,,497,0,27,0,20,,498,0,27,0,60,,499,0,27,0,20,,500,0,27,0,20,,501,0,27,0,60,,502,0,27,0,20,,503,0,27,0,18,,504,0,27,0,60,,505,0,27,0,20,,506,0,27,0,20,,507,0,27,0,60,,508,0,27,0,20,,509,0,27,0,20,,510,0,27,0,60,,511,0,27,0,20,,512,0,27,0,20,,513,0,27,0,60,,514,0,27,0,20,,515,0,27,0,21,,516,0,27,0,60,,517,0,27,0,20,,518,0,27,0,20,,519,0,27,0,60,,520,0,27,0,20,,521,0,27,0,20,,522,0,27,0,60,,523,0,27,0,20,,524,0,27,0,20,,525,0,27,0,60,,526,0,27,0,20,,527,0,27,0,14,,528,0,27,0,70,,529,0,27,0,30,,530,0,27,0,70,,531,0,27,0,30,,532,0,27,0,70,,533,0,27,0,30,,534,0,27,0,70,,535,0,27,0,30,,536,0,27,0,70,,537,0,27,0,30,,538,0,27,0,70,,539,0,27,0,30,,540,0,27,0
301,'2',608,,541,0,27,0,30,,542,0,27,0,70,,543,0,27,0,30,,544,0,27,0,70,,545,0,27,0,30,,546,0,27,0,70,,547,0,27,0,30,,548,0,27,0,70,,549,0,27,0,30,,550,0,27,0,70,,551,0,27,0,30,,552,0,27,0,70,,553,0,27,0,30,,554,0,27,0,70,,555,0,27,0,30,,556,0,27,0,70,,557,0,27,0,30,,558,0,27,0,70,,559,0,27,0,30,,560,0,27,0,70,,561,0,27,0,30,,562,0,27,0,70,,563,0,27,0,30,,564,0,27,0,70,,565,0,27,0,30,,566,0,27,0,70,,567,0,27,0,30,,568,0,27,0,70,,569,0,27,0,30,,570,0,27,0,70,,571,0,27,0,30,,572,0,27,0,70,,573,0,27,0,30,,574,0,27,0,70,,575,0,27,0,30,,576,0,27,0,70,,577,0,27,0,30,,578,0,27,0
301,'3',938,,579,0,27,0,70,,580,0,27,0,30,,581,0,27,0,70,,582,0,27,0,30,,583,0,27,0,70,,584,0,27,0,30,,585,0,27,0,70,,586,0,27,0,30,,587,0,27,0,70,,588,0,27,0,30,,589,0,27,0,70,,590,0,27,0,30,,591,0,27,0,70,,592,0,27,0,30,,593,0,27,0,70,,594,0,27,0,30,,595,0,27,0,70,,596,0,27,0,30,,597,0,27,0,70,,598,0,27,0
1001,'1',605,,1994,0,5,0,30,,1995,0,5,0,70,,1996,0,5,0,38,,1997,0,5,0,60,,1998,0,5,0,20,,1999,0,5,0,11,,2000,0,5,0,9,,2001,0,5,0,60,,2002,0,5,0,20,,2003,0,5,0,20,,2004,0,5,0,60,,2005,0,5,0,20,,2006,0,5,0,24,,2007,0,5,0,60,,2008,0,5,0,20,,2009,0,5,0,20,,2010,0,5,0,60,,2011,0,5,0,20,,2012,0,5,0,20,,2013,0,5,0,60,,2014,0,5,0,20,,2015,0,5,0,20,,2016,0,5,0,60,,2017,0,5,0,20,,2018,0,5,0,17,,2019,0,5,0,60,,2020,0,5,0,20,,2021,0,5,0,19,,2022,0,5,0,1,,2023,0,5,0,60,,2024,0,5,0,20,,2025,0,5,0,20,,2026,0,5,0,60,,2027,0,5,0,20,,2028,0,5,0,20,,2029,0,5,0,60,,2030,0,5,0,20,,2031,0,5,0,12,,2032,0,5,0,70,,2033,0,5,0,30,,2034,0,5,0,70,,2035,0,5,0,30,,2036,0,5,0,70,,2037,0,5,0,30,,2038,0,5,0,70,,2039,0,5,0,30,,2040,0,5,0,70,,2041,0,5,0,30,,2042,0,5,0,70,,2043,0,5,0,30,,2044,0,5,0
1001,'2',605,,2045,0,5,0,30,,2046,0,5,0,70,,2047,0,5,0,30,,2048,0,5,0,70,,2049,0,5,0,30,,2050,0,5,0,70,,2051,0,5,0,30,,2052,0,5,0,70,,2053,0,5,0,30,,2054,0,5,0,70,,2055,0,5,0,30,,2056,0,5,0,70,,2057,0,5,0,30,,2058,0,5,0,70,,2059,0,5,0,30,,2060,0,5,0,70,,2061,0,5,0,30,,2062,0,5,0,70,,2063,0,5,0,30,,2064,0,5,0,70,,2065,0,5,0,30,,2066,0,5,0,70,,2067,0,5,0,30,,2068,0,5,0,70,,2069,0,5,0,30,,2070,0,5,0,70,,2071,0,5,0,30,,2072,0,5,0,70,,2073,0,5,0,30,,2074,0,5,0,70,,2075,0,5,0,30,,2076,0,5,0,70,,2077,0,5,0,30,,2078,0,5,0,70,,2079,0,5,0,30,,2080,0,5,0,70,,2081,0,5,0,30,,2082,0,5,0
1001,'3',935,,2083,0,5,0,70,,2084,0,5,0,30,,2085,0,5,0,70,,2086,0,5,0,30,,2087,0,5,0,70,,2088,0,5,0,30,,2089,0,5,0,70,,2090,0,5,0,30,,2091,0,5,0,70,,2092,0,5,0,30,,2093,0,5,0,70,,2094,0,5,0,30,,2095,0,5,0,70,,2096,0,5,0,30,,2097,0,5,0,70,,2098,0,5,0,30,,2099,0,5,0,70,,2100,0,5,0,30,,2101,0,5,0,70,,2102,0,5,0
1101,'1',603,,2199,0,6,0,30,,2200,0,6,0,70,,2201,0,6,0,31,,2202,0,6,0,70,,2203,0,6,0,34,,2204,0,6,0,69,,2205,0,6,0,30,,2206,0,6,0,70,,2207,0,6,0,30,,2208,0,6,0,70,,2209,0,6,0,30,,2210,0,6,0,70,,2211,0,6,0,30,,2212,0,6,0,70,,2213,0,6,0,30,,2214,0,6,0,71,,2215,0,6,0,30,,2216,0,6,0,70,,2217,0,6,0,32,,2218,0,6,0,69,,2219,0,6,0,30,,2220,0,6,0,68,,2221,0,6,0,30,,2222,0,6,0,69,,2223,0,6,0,30,,2224,0,6,0,70,,2225,0,6,0,28,,2226,0,6,0,70,,2227,0,6,0,30,,2228,0,6,0,70,,2229,0,6,0,27,,2230,0,6,0,70,,2231,0,6,0,30,,2232,0,6,0,70,,2233,0,6,0,30,,2234,0,6,0,70,,2235,0,6,0,30,,2236,0,6,0
1101,'2',603,,2237,0,6,0,30,,2238,0,6,0,70,,2239,0,6,0,30,,2240,0,6,0,70,,2241,0,6,0,31,,2242,0,6,0,70,,2243,0,6,0,31,,2244,0,6,0,70,,2245,0,6,0,31,,2246,0,6,0,70,,2247,0,6,0,31,,2248,0,6,0,71,,2249,0,6,0,30,,2250,0,6,0,70,,2251,0,6,0,30,,2252,0,6,0,70,,2253,0,6,0,30,,2254,0,6,0,70,,2255,0,6,0,30,,2256,0,6,0,70,,2257,0,6,0,30,,2258,0,6,0,69,,2259,0,6,0,29,,2260,0,6,0,70,,2261,0,6,0,30,,2262,0,6,0,70,,2263,0,6,0,30,,2264,0,6,0,70,,2265,0,6,0,28,,2266,0,6,0,70,,2267,0,6,0,30,,2268,0,6,0,69,,2269,0,6,0,30,,2270,0,6,0,70,,2271,0,6,0,30,,2272,0,6,0,70,,2273,0,6,0,30,,2274,0,6,0
1101,'3',935,,2275,0,6,0,70,,2276,0,6,0,30,,2277,0,6,0,70,,2278,0,6,0,30,,2279,0,6,0,70,,2280,0,6,0,30,,2281,0,6,0,70,,2282,0,6,0,30,,2283,0,6,0,70,,2284,0,6,0,30,,2285,0,6,0,70,,2286,0,6,0,30,,2287,0,6,0,70,,2288,0,6,0,30,,2289,0,6,0,70,,2290,0,6,0,30,,2291,0,6,0,70,,2292,0,6,0,30,,2293,0,6,0,70,,2294,0,6,0
1201,'1',607,,2402,0,31,0,30,,2403,0,31,0,70,,2404,0,31,0,36,,2405,0,31,0,60,,2406,0,31,0,20,,2407,0,31,0,20,,2408,0,31,0,60,,2409,0,31,0,20,,2410,0,31,0,20,,2411,0,31,0,60,,2412,0,31,0,20,,2413,0,31,0,23,,2414,0,31,0,60,,2415,0,31,0,20,,2416,0,31,0,20,,2417,0,31,0,60,,2418,0,31,0,20,,2419,0,31,0,20,,2420,0,31,0,60,,2421,0,31,0,20,,2422,0,31,0,20,,2423,0,31,0,60,,2424,0,31,0,20,,2425,0,31,0,16,,2426,0,31,0,60,,2427,0,31,0,20,,2428,0,31,0,20,,2429,0,31,0,60,,2430,0,31,0,20,,2431,0,31,0,20,,2432,0,31,0,60,,2433,0,31,0,20,,2434,0,31,0,20,,2435,0,31,0,60,,2436,0,31,0,20,,2437,0,31,0,15,,2438,0,31,0,70,,2439,0,31,0,30,,2440,0,31,0,70,,2441,0,31,0,30,,2442,0,31,0,70,,2443,0,31,0,30,,2444,0,31,0,70,,2445,0,31,0,30,,2446,0,31,0,70,,2447,0,31,0,30,,2448,0,31,0,70,,2449,0,31,0,30,,2450,0,31,0
1201,'2',609,,2451,0,31,0,30,,2452,0,31,0,70,,2453,0,31,0,30,,2454,0,31,0,70,,2455,0,31,0,30,,2456,0,31,0,70,,2457,0,31,0,30,,2458,0,31,0,70,,2459,0,31,0,30,,2460,0,31,0,70,,2461,0,31,0,30,,2462,0,31,0,70,,2463,0,31,0,30,,2464,0,31,0,70,,2465,0,31,0,30,,2466,0,31,0,70,,2467,0,31,0,30,,2468,0,31,0,70,,2469,0,31,0,30,,2470,0,31,0,70,,2471,0,31,0,30,,2472,0,31,0,70,,2473,0,31,0,30,,2474,0,31,0,70,,2475,0,31,0,30,,2476,0,31,0,70,,2477,0,31,0,30,,2478,0,31,0,70,,2479,0,31,0,30,,2480,0,31,0,70,,2481,0,31,0,30,,2482,0,31,0,70,,2483,0,31,0,30,,2484,0,31,0,70,,2485,0,31,0,30,,2486,0,31,0,70,,2487,0,31,0,30,,2488,0,31,0
1201,'3',939,,2489,0,31,0,70,,2490,0,31,0,30,,2491,0,31,0,70,,2492,0,31,0,30,,2493,0,31,0,70,,2494,0,31,0,30,,2495,0,31,0,70,,2496,0,31,0,30,,2497,0,31,0,70,,2498,0,31,0,30,,2499,0,31,0,70,,2500,0,31,0,30,,2501,0,31,0,70,,2502,0,31,0,30,,2503,0,31,0,70,,2504,0,31,0,30,,2505,0,31,0,70,,2506,0,31,0,30,,2507,0,31,0,70,,2508,0,31,0
1301,'2',607,,2666,0,32,0,30,,2667,0,32,0,70,,2668,0,32,0,30,,2669,0,32,0,70,,2670,0,32,0,30,,2671,0,32,0,70,,2672,0,32,0,30,,2673,0,32,0,71,,2674,0,32,0,30,,2675,0,32,0,70,,2676,0,32,0,30,,2677,0,32,0,70,,2678,0,32,0,30,,2679,0,32,0,70,,2680,0,32,0,30,,2681,0,32,0,70,,2682,0,32,0,30,,2683,0,32,0,70,,2684,0,32,0,30,,2685,0,32,0,70,,2686,0,32,0,30,,2687,0,32,0,70,,2688,0,32,0,30,,2689,0,32,0,70,,2690,0,32,0,30,,2691,0,32,0,70,,2692,0,32,0,30,,2693,0,32,0,70,,2694,0,32,0,29,,2695,0,32,0,70,,2696,0,32,0,30,,2697,0,32,0,70,,2698,0,32,0,30,,2699,0,32,0,70,,2700,0,32,0,30,,2701,0,32,0,70,,2702,0,32,0,30,,2703,0,32,0
1301,'3',938,,2704,0,32,0,70,,2705,0,32,0,30,,2706,0,32,0,70,,2707,0,32,0,30,,2708,0,32,0,70,,2709,0,32,0,30,,2710,0,32,0,70,,2711,0,32,0,30,,2712,0,32,0,70,,2713,0,32,0,30,,2714,0,32,0,70,,2715,0,32,0,30,,2716,0,32,0,70,,2717,0,32,0,30,,2718,0,32,0,70,,2719,0,32,0,30,,2720,0,32,0,70,,2721,0,32,0,30,,2722,0,32,0,70,,2723,0,32,0
2001,'1',602,,3993,0,7 8,0,25,,3994,0,7 8,0,5,,3995,0,7 8,0,25,,3996,0,7 8,0,45,,3997,0,7 8,0,30,,3998,0,7 8,0,70,,3999,0,7 8,0,30,,4000,0,7 8,0,70,,4001,0,7 8,0,30,,4002,0,7 8,0,70,,4003,0,7 8,0,30,,4004,0,7 8,0,70,,4005,0,7 8,0,30,,4006,0,7 8,0,70,,4007,0,7 8,0,30,,4008,0,7 8,0,70,,4009,0,7 8,0,30,,4010,0,7 8,0,70,,4011,0,7 8,0,30,,4012,0,7 8,0,22,,4013,0,7 8,0,48,,4014,0,7 8,0,30,,4016,0,7 8,0,3,,4015,0,7 8,0,67,,4017,0,7 8,0,30,,4018,0,7 8,0,70,,4019,0,7 8,0,30,,4020,0,7 8,0,70,,4021,0,7 8,0,30,,4022,0,7 8,0,70,,4023,0,7 8,0,30,,4024,0,7 8,0,70,,4025,0,7 8,0,30,,4026,0,7 8,0,70,,4027,0,7 8,0,30,,4028,0,7 8,0,70,,4029,0,7 8,0,30,,4030,0,7 8,0,70,,4031,0,7 8,0,30,,4032,0,7 8,0,70,,4033,0,7 8,0,30,,4034,0,7 8,0
2001,'2',602,,4035,0,7 8,0,30,,4036,0,7 8,0,70,,4037,0,7 8,0,30,,4038,0,7 8,0,70,,4039,0,7 8,0,30,,4040,0,7 8,0,70,,4041,0,7 8,0,30,,4042,0,7 8,0,70,,4043,0,7 8,0,30,,4044,0,7 8,0,70,,4045,0,7 8,0,30,,4046,0,7 8,0,70,,4047,0,7 8,0,30,,4048,0,7 8,0,70,,4049,0,7 8,0,30,,4050,0,7 8,0,70,,4051,0,7 8,0,30,,4052,0,7 8,0,70,,4053,0,7 8,0,30,,4054,0,7 8,0,70,,4055,0,7 8,0,30,,4056,0,7 8,0,70,,4057,0,7 8,0,30,,4058,0,7 8,0,70,,4059,0,7 8,0,30,,4060,0,7 8,0,70,,4061,0,7 8,0,30,,4062,0,7 8,0,70,,4063,0,7 8,0,30,,4064,0,7 8,0,70,,4065,0,7 8,0,30,,4066,0,7 8,0,70,,4067,0,7 8,0,30,,4068,0,7 8,0,70,,4069,0,7 8,0,30,,4070,0,7 8,0,70,,4071,0,7 8,0,30,,4072,0,7 8,0
2001,'3',932,,4073,0,7 8,0,70,,4074,0,7 8,0,30,,4075,0,7 8,0,70,,4076,0,7 8,0,30,,4077,0,7 8,0,70,,4078,0,7 8,0,30,,4079,0,7 8,0,70,,4080,0,7 8,0,30,,4081,0,7 8,0,70,,4082,0,7 8,0,30,,4083,0,7 8,0,70,,4084,0,7 8,0,30,,4085,0,7 8,0,70,,4086,0,7 8,0,30,,4087,0,7 8,0,70,,4088,0,7 8,0,30,,4089,0,7 8,0,70,,4090,0,7 8,0,30,,4091,0,7 8,0,70,,4092,0,7 8,0
