401,400,1,0
401,401,2,0
401,402,3,0
401,403,4,0
401,404,5,0
401,405,6,0
401,406,7,0
401,407,8,0
401,408,9,0
401,409,10,0
401,410,11,0
401,411,12,0
401,412,13,0
401,413,14,0
401,414,15,0
401,415,16,0
401,416,17,0
401,417,18,1
402,417,1,0
402,416,2,0
402,418,3,0
402,419,4,0
402,431,5,0
402,420,6,0
402,421,7,0
402,422,8,0
402,423,9,0
402,424,10,0
402,425,11,0
402,426,12,0
402,427,13,0
402,428,14,0
402,429,15,0
402,430,16,1
503,520,1,0
503,521,2,0
503,522,3,0
503,523,4,0
503,524,5,0
503,525,6,0
503,526,7,0
503,527,8,0
503,528,9,0
503,529,10,0
503,530,11,0
503,531,12,0
503,532,13,0
503,533,14,0
503,534,15,0
503,535,16,0
503,536,17,0
503,537,18,0
503,538,19,0
503,539,20,0
503,540,21,0
503,541,22,0
503,542,23,0
503,543,24,0
503,544,25,0
503,545,26,0
503,546,27,0
503,549,28,1
504,500,1,0
504,501,2,0
504,502,3,0
504,503,4,0
504,504,5,0
504,505,6,0
504,506,7,0
504,507,8,0
504,508,9,0
504,509,10,0
504,510,11,0
504,511,12,0
504,512,13,0
504,513,14,0
504,514,15,0
504,515,16,0
504,548,17,0
504,5602,18,0
504,516,19,0
504,517,20,0
504,518,21,0
504,519,22,0
504,547,23,0
504,520,24,1
601,628,1,0
601,619,2,0
601,620,3,0
601,621,4,0
601,629,5,0
601,622,6,0
601,623,7,0
601,624,8,0
601,625,9,0
601,626,10,0
601,627,11,1
602,600,1,0
602,601,2,0
602,602,3,0
602,603,4,0
602,604,5,0
602,605,6,0
602,606,7,0
602,607,8,0
602,608,9,0
602,609,10,0
602,610,11,0
602,611,12,0
602,612,13,0
602,613,14,0
602,614,15,0
602,615,16,0
602,616,17,0
602,618,18,0
602,628,19,1
701,713,1,0
701,712,2,0
701,715,3,0
701,714,4,0
701,717,5,0
701,716,6,0
701,724,7,0
701,719,8,0
701,718,9,0
701,723,10,0
701,720,11,0
701,721,12,0
701,722,13,1
702,700,1,0
702,701,2,0
702,702,3,0
702,703,4,0
702,704,5,0
702,705,6,0
702,706,7,0
702,707,8,0
702,708,9,0
702,709,10,0
702,710,11,0
702,711,12,0
702,712,13,0
702,713,14,0
702,714,15,0
702,715,16,0
702,716,17,0
702,717,18,0
702,718,19,0
702,719,20,0
702,720,21,0
702,721,22,0
702,722,23,0
702,723,24,0
702,724,25,1
803,812,1,0
803,813,2,0
803,814,3,0
803,815,4,0
803,816,5,0
803,817,6,0
803,818,7,0
803,819,8,0
803,820,9,0
803,821,10,0
803,822,11,0
803,823,12,0
803,824,13,0
803,825,14,0
803,826,15,0
803,827,16,1
804,800,1,0
804,801,2,0
804,802,3,0
804,803,4,0
804,804,5,0
804,805,6,0
804,806,7,0
804,807,8,0
804,808,9,0
804,809,10,0
804,810,11,0
804,811,12,0
804,812,13,1
901,915,1,0
901,916,2,0
901,917,3,0
901,918,4,0
901,919,5,0
901,920,6,0
901,921,7,0
901,922,8,0
901,923,9,0
901,924,10,1
902,900,1,0
902,901,2,0
902,902,3,0
902,903,4,0
902,904,5,0
902,905,6,0
902,906,7,0
902,907,8,0
902,908,9,0
902,909,10,0
902,910,11,0
902,911,12,0
902,912,13,0
902,913,14,0
902,914,15,0
902,915,16,1
1001,1019,1,0
1001,1020,2,0
1001,1021,3,0
1001,1022,4,0
1001,1023,5,0
1001,1024,6,0
1001,1025,7,0
1001,1026,8,0
1001,1027,9,0
1001,1028,10,1
1002,1000,1,0
1002,1001,2,0
1002,1002,3,0
1002,1003,4,0
1002,1004,5,0
1002,1005,6,0
1002,1006,7,0
1002,1007,8,0
1002,1008,9,0
1002,1009,10,0
1002,1010,11,0
1002,1011,12,0
1002,1012,13,0
1002,1013,14,0
1002,1014,15,0
1002,1015,16,0
1002,1016,17,0
1002,1017,18,0
1002,1018,19,0
1002,1019,20,1
1101,1118,1,0
1101,1119,2,0
1101,1120,3,0
1101,1121,4,0
1101,1122,5,0
1101,1123,6,0
1101,1124,7,0
1101,1130,8,0
1101,1126,9,0
1101,1125,10,1
1102,1100,1,0
1102,1101,2,0
1102,1102,3,0
1102,1103,4,0
1102,1104,5,0
1102,1105,6,0
1102,1106,7,0
1102,1108,8,0
1102,1109,9,0
1102,1110,10,0
1102,1111,11,0
1102,1112,12,0
1102,1113,13,0
1102,1131,14,0
1102,1114,15,0
1102,1115,16,0
1102,1116,17,0
1102,1117,18,0
1102,1118,19,1
1203,1200,1,0
1203,1201,2,0
1203,1202,3,0
1203,1203,4,0
1203,1204,5,0
1203,1205,6,0
1203,1206,7,0
1203,1207,8,0
1203,1208,9,0
1203,1209,10,0
1203,1210,11,0
1203,1211,12,0
1203,1212,13,0
1203,1213,14,0
1203,1214,15,0
1203,1215,16,1
1204,1215,1,0
1204,1216,2,0
1204,1217,3,0
1204,1218,4,0
1204,1219,5,0
1204,1220,6,0
1204,1221,7,0
1204,1222,8,0
1204,1223,9,0
1204,1224,10,0
1204,1225,11,0
1204,1226,12,0
1204,1227,13,0
1204,1228,14,1
1301,1300,1,0
1301,1301,2,0
1301,1302,3,0
1301,1303,4,0
1301,1304,5,0
1301,1305,6,0
1301,1306,7,0
1301,1307,8,0
1301,1308,9,0
1301,1309,10,0
1301,1310,11,0
1301,1311,12,0
1301,1312,13,0
1301,1313,14,0
1301,1314,15,0
1301,1315,16,0
1301,1316,17,0
1301,1317,18,0
1301,1318,19,1
1302,1318,1,0
1302,1319,2,0
1302,1320,3,0
1302,1321,4,0
1302,1322,5,0
1302,1323,6,0
1302,1324,7,0
1302,1325,8,0
1302,1326,9,0
1302,1327,10,0
1302,1331,11,0
1302,1328,12,0
1302,1329,13,0
1302,1330,14,1
1401,1400,1,0
1401,1401,2,0
1401,1402,3,0
1401,1403,4,0
1401,1404,5,0
1401,1405,6,0
1401,1406,7,0
1401,1407,8,0
1401,1408,9,0
1401,1409,10,0
1401,1410,11,0
1401,1411,12,0
1401,1412,13,1
1402,1412,1,0
1402,1413,2,0
1402,1414,3,0
1402,1415,4,0
1402,1416,5,0
1402,1417,6,0
1402,1418,7,0
1402,1419,8,0
1402,1420,9,0
1402,1421,10,0
1402,1422,11,0
1402,1423,12,0
1402,1424,13,0
1402,1426,14,0
1402,1425,15,1
1501,1508,1,0
1501,1509,2,0
1501,1510,3,0
1501,1511,4,0
1501,1512,5,0
1501,1513,6,0
1501,1514,7,0
1501,1515,8,0
1501,1516,9,0
1501,1517,10,0
1501,1518,11,0
1501,1519,12,0
1501,1520,13,0
1501,1521,14,1
1502,1500,1,0
1502,1501,2,0
1502,1503,3,0
1502,1504,4,0
1502,1505,5,0
1502,1506,6,0
1502,1507,7,0
1502,1508,8,1
1603,1632,1,0
1603,1633,2,0
1603,1634,3,0
1603,1635,4,0
1603,1636,5,0
1603,1637,6,0
1603,1638,7,0
1603,1639,8,0
1603,1640,9,0
1603,1641,10,0
1603,1642,11,0
1603,1643,12,0
1603,1644,13,0
1603,1645,14,0
1603,1646,15,0
1603,1647,16,0
1603,1648,17,0
1603,1649,18,0
1603,1650,19,0
1603,1651,20,0
1603,1652,21,0
1603,1653,22,0
1603,1654,23,0
1603,1655,24,1
1604,1600,1,0
1604,1601,2,0
1604,1602,3,0
1604,1603,4,0
1604,1604,5,0
1604,1605,6,0
1604,1606,7,0
1604,1607,8,0
1604,1608,9,0
1604,1609,10,0
1604,1610,11,0
1604,1611,12,0
1604,1612,13,0
1604,1613,14,0
1604,1614,15,0
1604,1615,16,0
1604,1616,17,0
1604,1617,18,0
1604,1618,19,0
1604,1619,20,0
1604,1620,21,0
1604,1621,22,0
1604,1622,23,0
1604,1623,24,0
1604,1624,25,0
1604,1625,26,0
1604,1626,27,0
1604,1627,28,0
1604,1628,29,0
1604,1629,30,0
1604,1630,31,0
1604,1631,32,0
1604,1632,33,1
2001,2016,1,0
2001,2017,2,0
2001,2018,3,0
2001,2019,4,0
2001,2020,5,0
2001,2021,6,0
2001,2022,7,0
2001,2023,8,0
2001,2024,9,0
2001,2025,10,0
2001,2026,11,0
2001,2027,12,0
2001,2028,13,0
2001,2029,14,0
2001,2030,15,0
2001,2031,16,0
2001,2032,17,0
2001,2033,18,0
2001,2034,19,0
2001,2035,20,0
2001,2036,21,0
2001,2037,22,0
2001,2038,23,0
2001,2039,24,0
2001,2040,25,0
2001,2041,26,0
2001,2042,27,0
2001,2043,28,0
2001,2044,29,0
2001,2045,30,0
2001,2046,31,1
2002,2000,1,0
2002,2001,2,0
2002,2047,3,0
2002,2002,4,0
2002,2003,5,0
2002,2004,6,0
2002,2005,7,0
2002,2006,8,0
2002,2007,9,0
2002,2008,10,0
2002,2009,11,0
2002,2010,12,0
2002,2011,13,0
2002,2012,14,0
2002,2013,15,0
2002,2014,16,0
2002,2015,17,0
2002,2016,18,1
5001,5004,1,0
5001,5005,2,0
5001,5006,3,0
5001,5007,4,0
5001,5008,5,0
5001,5009,6,0
5001,5010,7,0
5001,5011,8,0
5001,5012,9,0
5001,5013,10,1
5002,5000,1,0
5002,5001,2,0
5002,5003,3,0
5002,5004,4,1
5603,5604,1,0
5603,5605,2,0
5603,5606,3,0
5603,5607,4,0
5603,5608,5,0
5603,5609,6,0
5603,5610,7,0
5603,5611,8,0
5603,5612,9,0
5603,5613,10,0
5603,5614,11,0
5603,5615,12,0
5603,5616,13,1
5604,5600,1,0
5604,5601,2,0
5604,5619,3,0
5604,5602,4,0
5604,5617,5,0
5604,5603,6,0
5604,5618,7,0
5604,5604,8,1
5701,5715,1,0
5701,5706,2,0
5701,5707,3,0
5701,5708,4,0
5701,5709,5,0
5701,5712,6,0
5701,5710,7,0
5701,5711,8,0
5701,5012,9,0
5701,5714,10,1
5702,5700,1,0
5702,5001,2,0
5702,5003,3,0
5702,5716,4,0
5702,5706,5,0
5702,5715,6,0
5702,5707,7,0
5702,5708,8,0
5702,5709,9,0
5702,5710,10,0
5702,5711,11,0
5702,5712,12,1
5801,5804,1,0
5801,5805,2,0
5801,5806,3,0
5801,5807,4,0
5801,5808,5,0
5801,5809,6,0
5801,5810,7,0
5801,5811,8,0
5801,5812,9,1
5802,5800,1,0
5802,5801,2,0
5802,5803,3,0
5802,5804,4,1
100101,115,1,0
100101,116,2,0
100101,117,3,0
100101,118,4,0
100101,119,5,0
100101,120,6,0
100101,121,7,0
100101,122,8,0
100101,123,9,1
100102,100,1,0
100102,101,2,0
100102,102,3,0
100102,103,4,0
100102,104,5,0
100102,105,6,0
100102,106,7,0
100102,107,8,0
100102,108,9,0
100102,109,10,0
100102,110,11,0
100102,111,12,0
100102,112,13,0
100102,113,14,0
100102,114,15,0
100102,115,16,1
100201,216,1,0
100201,217,2,0
100201,218,3,0
100201,219,4,0
100201,220,5,0
100201,221,6,0
100201,222,7,0
100201,223,8,0
100201,224,9,0
100201,225,10,0
100201,226,11,0
100201,227,12,0
100201,228,13,0
100201,229,14,0
100201,230,15,0
100201,231,16,0
100201,232,17,0
100201,233,18,0
100201,234,19,0
100201,235,20,0
100201,236,21,0
100201,237,22,0
100201,238,23,0
100201,239,24,0
100201,240,25,0
100201,241,26,1
100202,200,1,0
100202,201,2,0
100202,202,3,0
100202,203,4,0
100202,204,5,0
100202,205,6,0
100202,206,7,0
100202,207,8,0
100202,208,9,0
100202,209,10,0
100202,210,11,0
100202,211,12,0
100202,212,13,0
100202,213,14,0
100202,214,15,0
100202,215,16,0
100202,216,17,1
100301,300,1,0
100301,301,2,0
100301,302,3,0
100301,303,4,0
100301,304,5,0
100301,305,6,0
100301,306,7,0
100301,307,8,0
100301,308,9,0
100301,309,10,0
100301,310,11,0
100301,311,12,0
100301,312,13,0
100301,313,14,0
100301,314,15,0
100301,315,16,0
100301,316,17,0
100301,317,18,0
100301,318,19,0
100301,319,20,0
100301,320,21,0
100301,321,22,0
100301,322,23,0
100301,323,24,0
100301,324,25,0
100301,325,26,0
100301,326,27,0
100301,327,28,0
100301,328,29,0
100301,329,30,0
100301,330,31,0
100301,499,32,0
100301,497,33,0
100301,331,34,0
100301,332,35,0
100301,333,36,1
100302,333,1,0
100302,334,2,0
100302,335,3,0
100302,336,4,0
100302,337,5,0
100302,338,6,0
100302,339,7,0
100302,340,8,0
100302,341,9,0
100302,342,10,0
100302,343,11,0
100302,344,12,0
100302,345,13,0
100302,347,14,0
100302,349,15,1
100503,520,1,0
100503,521,2,0
100503,522,3,0
100503,523,4,0
100503,524,5,0
100503,525,6,0
100503,526,7,0
100503,527,8,0
100503,528,9,0
100503,529,10,0
100503,530,11,0
100503,531,12,0
100503,532,13,0
100503,533,14,0
100503,534,15,0
100503,535,16,0
100503,536,17,0
100503,537,18,0
100503,538,19,0
100503,539,20,0
100503,540,21,0
100503,541,22,0
100503,542,23,0
100503,543,24,0
100503,544,25,0
100503,545,26,0
100503,546,27,1
100504,500,1,0
100504,501,2,0
100504,502,3,0
100504,503,4,0
100504,504,5,0
100504,505,6,0
100504,506,7,0
100504,507,8,0
100504,508,9,0
100504,509,10,0
100504,510,11,0
100504,511,12,0
100504,512,13,0
100504,513,14,0
100504,514,15,0
100504,515,16,0
100504,548,17,0
100504,5602,18,0
100504,5617,19,0
100504,516,20,0
100504,517,21,0
100504,518,22,0
100504,519,23,0
100504,547,24,0
100504,520,25,1
200101,162,1,0
200101,163,2,0
200101,164,3,0
200101,165,4,0
200101,166,5,0
200101,167,6,0
200101,168,7,0
200101,169,8,0
200101,170,9,0
200101,171,10,0
200101,172,11,0
200101,173,12,0
200101,174,13,0
200101,175,14,1
200102,150,1,0
200102,151,2,0
200102,152,3,0
200102,153,4,0
200102,154,5,0
200102,155,6,0
200102,156,7,0
200102,157,8,0
200102,158,9,0
200102,159,10,0
200102,160,11,0
200102,161,12,0
200102,176,13,0
200102,162,14,1
200201,279,1,0
200201,280,2,0
200201,281,3,0
200201,282,4,0
200201,283,5,0
200201,284,6,0
200201,285,7,0
200201,286,8,0
200201,287,9,0
200201,288,10,0
200201,289,11,0
200201,290,12,0
200201,291,13,0
200201,292,14,0
200201,293,15,0
200201,294,16,0
200201,295,17,0
200201,296,18,0
200201,297,19,0
200201,298,20,1
200202,250,1,0
200202,251,2,0
200202,252,3,0
200202,253,4,0
200202,254,5,0
200202,255,6,0
200202,256,7,0
200202,257,8,0
200202,258,9,0
200202,259,10,0
200202,260,11,0
200202,261,12,0
200202,262,13,0
200202,263,14,0
200202,264,15,0
200202,265,16,0
200202,266,17,0
200202,267,18,0
200202,268,19,0
200202,269,20,0
200202,270,21,0
200202,271,22,0
200202,272,23,0
200202,273,24,0
200202,274,25,0
200202,275,26,0
200202,276,27,0
200202,277,28,0
200202,299,29,0
200202,278,30,0
200202,279,31,1
200301,350,1,0
200301,351,2,0
200301,352,3,0
200301,353,4,0
200301,354,5,0
200301,355,6,0
200301,356,7,0
200301,357,8,0
200301,358,9,0
200301,359,10,0
200301,360,11,0
200301,361,12,0
200301,362,13,0
200301,363,14,0
200301,364,15,0
200301,365,16,0
200301,366,17,1
200302,366,1,0
200302,367,2,0
200302,498,3,0
200302,368,4,0
200302,369,5,0
200302,370,6,0
200302,371,7,0
200302,372,8,0
200302,373,9,0
200302,374,10,0
200302,375,11,0
200302,376,12,0
200302,377,13,0
200302,378,14,0
200302,379,15,0
200302,380,16,0
200302,381,17,0
200302,382,18,0
200302,383,19,0
200302,384,20,0
200302,385,21,0
200302,386,22,0
200302,387,23,0
200302,388,24,0
200302,389,25,0
200302,390,26,0
200302,391,27,0
200302,392,28,0
200302,393,29,0
200302,394,30,0
200302,395,31,0
200302,396,32,0
200302,397,33,1
