401,1,'E',4
402,1,'W',4
601,1,'E',6
602,1,'W',6
701,1,'E',7
702,1,'W',7
803,1,'N',8
804,1,'S',8
901,1,'E',9
902,1,'W',9
1001,1,'E',10
1002,1,'W',10
1101,1,'E',11
1102,1,'W',11
1203,1,'N',12
1204,1,'S',12
1301,1,'E',13
1302,1,'W',13
1401,1,'E',14
1402,1,'W',14
1501,1,'E',15
1502,1,'W',15
1603,1,'N',16
1604,1,'S',16
2001,1,'E',20
2002,1,'W',20
100101,1,'E',1001
100102,1,'W',1001
100201,1,'E',1002
100202,1,'W',1002
100301,1,'E',1003
100302,1,'W',1003
100503,1,'N',1005
100504,1,'S',1005
200101,1,'E',2001
200102,1,'W',2001
200201,1,'E',2002
200202,1,'W',2002
200301,1,'E',2003
200302,1,'W',2003
